# [1] k:    [h/Mpc] 
# [2] P:    [Mpc^3/h^3] 
# [3] T:    [Mpc^3/h^3] 
# [4] Delta_k 
3.059023205018257859e-07 1.572336717550171015e+00 3.452785713638221205e+04 2.280153735630273601e-21
3.215862678579245412e-07 1.648650877380769320e+00 3.451136427764687687e+04 2.777739046009799494e-21
3.380743483904743061e-07 1.728668983659684910e+00 3.449487929708813317e+04 3.383909640471063138e-21
3.554077908890640533e-07 1.812570809299873575e+00 3.447840219088004960e+04 4.122361483639742359e-21
3.736299379885273404e-07 1.900544852582853217e+00 3.446193295519861567e+04 5.021961579142253653e-21
3.927863545481053003e-07 1.992788760670561876e+00 3.444547158640969428e+04 6.117876416845762184e-21
4.129249415873286729e-07 2.089509773609403265e+00 3.442901808069284016e+04 7.452946674711468032e-21
4.340960560635169786e-07 2.190925189953426333e+00 3.441257243429211667e+04 9.079361914396300928e-21
4.563526367904018199e-07 2.297262854952197397e+00 3.439613464345337707e+04 1.106070073630065580e-20
4.797503368127355169e-07 2.408761672439991397e+00 3.437970470442426449e+04 1.347441614636157500e-20
5.043476625678916271e-07 2.525672141569824003e+00 3.436328261345421924e+04 1.641486329066468785e-20
5.302061201824328858e-07 2.648256919588467095e+00 3.434686836673200742e+04 1.999698791572401902e-20
5.573903692694645323e-07 2.776791411974243839e+00 3.433046196063562820e+04 2.436081974136731442e-20
5.859683846113473662e-07 2.911564391121130413e+00 3.431406339135738381e+04 2.967694639674961534e-20
6.160116261320592563e-07 3.052878645136183788e+00 3.429767265509149001e+04 3.615318190367706307e-20
6.475952175842278093e-07 3.201051658134093980e+00 3.428128974822114105e+04 4.404269038637622226e-20
6.807981343976415384e-07 3.356416323448698780e+00 3.426491466694410337e+04 5.365388257217017155e-20
7.157034011589609116e-07 3.519321691558885412e+00 3.424854740746003517e+04 6.536247195171884886e-20
7.523982992164306405e-07 3.690133754323955184e+00 3.423218796615730389e+04 7.962616188880853780e-20
7.909745849287134463e-07 3.869236267165253818e+00 3.421583633923913294e+04 9.700253781445321452e-20
8.315287191035797356e-07 4.057031611280902617e+00 3.419949252297282510e+04 1.181708639377103739e-19
8.741621082001717898e-07 4.253941697628994767e+00 3.418315651356530725e+04 1.439586365301618833e-19
9.189813578979717484e-07 4.460408914892558307e+00 3.416682830747399566e+04 1.753739317899692304e-19
9.660985396665287929e-07 4.676897123218584973e+00 3.415050790078502177e+04 2.136448127925757411e-19
1.015631471002508262e-06 4.903892696487802461e+00 3.413419528977291338e+04 2.602673360124761838e-19
1.067704010034801725e-06 5.141905615021165943e+00 3.411789047083810874e+04 3.170640340378630552e-19
1.122446365234364056e-06 5.391470611239538080e+00 3.410159344019648415e+04 3.862551606381476501e-19
1.179995421003214005e-06 5.653148371070233047e+00 3.408530419406582223e+04 4.705454832547869271e-19
1.240495079956737545e-06 5.927526793678078221e+00 3.406902272885171260e+04 5.732300157400684100e-19
1.304096622755184042e-06 6.215222312150266326e+00 3.405274904077545216e+04 6.983228245492169931e-19
1.370959086384113674e-06 6.516881278486935436e+00 3.403648312612216250e+04 8.507139436109429356e-19
1.441249661829700436e-06 6.833181415685516846e+00 3.402022498111683672e+04 1.036360531848029355e-18
1.515144112143284134e-06 7.164833340447239074e+00 3.400397460217191838e+04 1.262519745964616909e-18
1.592827211940548929e-06 7.512582159540738047e+00 3.398773198551593669e+04 1.538032431733223093e-18
1.674493209434307728e-06 7.877209143865677277e+00 3.397149712737929804e+04 1.873668723689716702e-18
1.760346312156213177e-06 8.259533483786864139e+00 3.395527002417958283e+04 2.282549063149261043e-18
1.850601197581954108e-06 8.660414129434480301e+00 3.393905067221245554e+04 2.780657092595689135e-18
1.945483549936765273e-06 9.080751720419787176e+00 3.392283906759022648e+04 3.387464476175790796e-18
2.045230624523543909e-06 9.521490609547965889e+00 3.390663520679736394e+04 4.126692071435165055e-18
2.150091840984688092e-06 9.983620984135814780e+00 3.389043908607320191e+04 5.027237207125212225e-18
2.260329406981118614e-06 1.046818109073851844e+01 3.387425070165892248e+04 6.124303315857326388e-18
2.376218973848010330e-06 1.097625956784849599e+01 3.385807004998238699e+04 7.460776080268824033e-18
2.498050325866710336e-06 1.150899789142334484e+01 3.384189712722672266e+04 9.088899887695451412e-18
2.626128104876382668e-06 1.206759293969870583e+01 3.382573192982319597e+04 1.107232012864195318e-17
2.760772572037287162e-06 1.265329968192272858e+01 3.380957445408158674e+04 1.348857117433412269e-17
2.902320408650496801e-06 1.326743399776776755e+01 3.379342469612903369e+04 1.643210729186782545e-17
3.051125558036519890e-06 1.391137563405087896e+01 3.377728265243271744e+04 2.001799497975918834e-17
3.207560110577962700e-06 1.458657130421218895e+01 3.376114831933846290e+04 2.438641106058481096e-17
3.372015234139298021e-06 1.529453793852708543e+01 3.374502169304033305e+04 2.970812236764823190e-17
3.544902152190277809e-06 1.603686609243944616e+01 3.372890276994911983e+04 3.619116123402217367e-17
3.726653172078803499e-06 1.681522351966741269e+01 3.371279154632390419e+04 4.408895773537551756e-17
3.917722766024474580e-06 1.763135891928897436e+01 3.369668801851756871e+04 5.371024658817455699e-17
4.118588707535861475e-06 1.848710586438311410e+01 3.368059218288469128e+04 6.543113597473692455e-17
4.329753266093139866e-06 1.938438692132697483e+01 3.366450403568970796e+04 7.970981008080735112e-17
4.551744463083409039e-06 2.032521796940653047e+01 3.364842357335193810e+04 9.710444008789030117e-17
4.785117392129195949e-06 2.131171272937546135e+01 3.363235079207814852e+04 1.182950037792002846e-16
5.030455607111644826e-06 2.234608751271778715e+01 3.361628568826054834e+04 1.441098667213893443e-16
5.288372581359179674e-06 2.343066620068801242e+01 3.360022825826242479e+04 1.755581641068930461e-16
5.559513241650373021e-06 2.456788546516771277e+01 3.358417849835711968e+04 2.138692491063971259e-16
5.844555580866815540e-06 2.576030024327168633e+01 3.356813640491141996e+04 2.605407498194396513e-16
6.144212353328471540e-06 2.701058947728940751e+01 3.355210197429383697e+04 3.173971134243340273e-16
6.459232857050738118e-06 2.832156213318530291e+01 3.353607520278303855e+04 3.866609260921036094e-16
6.790404807379771878e-06 2.969616351176679103e+01 3.352005608681200101e+04 4.710397966570912711e-16
7.138556306691162195e-06 3.113748186513604566e+01 3.350404462260197761e+04 5.738322004150341153e-16
7.504557915077204533e-06 3.264875533560113041e+01 3.348804080655893631e+04 6.990564206465067318e-16
7.889324827200587103e-06 3.423337923030292274e+01 3.347204463506002503e+04 8.516076283180779275e-16
8.293819160757753291e-06 3.589491364914913163e+01 3.345605610439281736e+04 1.037449240416816811e-15
8.719052362274285227e-06 3.763709148355714973e+01 3.344007521096837445e+04 1.263846037369438136e-15
9.166087736248057605e-06 3.946382680245442032e+01 3.342410195107781328e+04 1.539648152356636776e-15
9.636043103964330830e-06 4.137922364636862227e+01 3.340813632113562926e+04 1.875637034075352847e-15
1.013009359863121538e-05 4.338758524730062760e+01 3.339217831746683078e+04 2.284946906999610094e-15
1.064947460382478790e-05 4.549342369678682729e+01 3.337622793639825250e+04 2.783578204602584586e-15
1.119548484259151579e-05 4.770147008326289750e+01 3.336028517434951937e+04 3.391023046275980416e-15
1.176948962493235138e-05 5.001668512060143712e+01 3.334435002762058866e+04 4.131027208555015185e-15
1.237292426178888029e-05 5.244427029369791882e+01 3.332842249260420795e+04 5.032518377179062072e-15
1.300729765406831334e-05 5.498967954416860238e+01 3.331250256569479825e+04 6.130736966399665311e-15
1.367419606568169201e-05 5.765863152325551511e+01 3.329659024322790356e+04 7.468613710706037423e-15
1.437528709002991615e-05 6.045712243993435919e+01 3.328068552157111117e+04 9.098447880810592986e-15
1.511232381985586521e-05 6.339143953210853510e+01 3.326478839706351573e+04 1.108395172734814178e-14
1.588714923088939049e-05 6.646817519218561188e+01 3.324889886610645772e+04 1.350274107227596586e-14
1.670170079024660794e-05 6.969424177769805340e+01 3.323301692510297289e+04 1.644936940815078718e-14
1.755801530110687162e-05 7.307688714057624679e+01 3.321714257036713389e+04 2.003902411199140640e-14
1.845823399578163895e-05 7.662371091143845092e+01 3.320127579833563505e+04 2.441202926373112684e-14
1.940460788991057802e-05 8.034268157242986774e+01 3.318541660535625124e+04 2.973933108931440435e-14
2.039950341117315543e-05 8.424215435999617796e+01 3.316956498777853994e+04 3.622918046195575013e-14
2.144540831659045798e-05 8.833089003668007422e+01 3.315372094204431778e+04 4.413527368875323918e-14
2.254493791321357228e-05 9.261807457244889008e+01 3.313788446447644674e+04 5.376666981531942724e-14
2.370084159775344190e-05 9.711333978363833808e+01 3.312205555152012676e+04 6.549987212997642993e-14
2.491600973150475266e-05 1.018267849709835389e+02 3.310623419950173411e+04 7.979354614618670375e-14
2.619348086775470484e-05 1.067689996104308392e+02 3.309042040483978053e+04 9.720644941029929085e-14
2.753644934974891994e-05 1.119510871435379187e+02 3.307461416395443666e+04 1.184192740307957476e-13
2.894827329821342076e-05 1.173846899226318214e+02 3.305881547320740356e+04 1.442612557813978678e-13
3.043248300840562692e-05 1.230820153677068163e+02 3.304302432899222913e+04 1.757425899622875182e-13
3.199278977769132648e-05 1.290558633916073461e+02 3.302724072764408629e+04 2.140939211935175201e-13
3.363309518572123809e-05 1.353196551588455065e+02 3.301146466568015603e+04 2.608144508512068878e-13
3.535750085041236633e-05 1.418874632355495748e+02 3.299569613943902368e+04 3.177305427150822572e-13
3.717031868412924126e-05 1.487740432073155716e+02 3.297993514530611719e+04 3.870671178090581106e-13
3.907608167571078754e-05 1.559948668298317216e+02 3.296418167969860951e+04 4.715346293395528245e-13
4.107955522530357004e-05 1.635661567881650456e+02 3.294843573902034404e+04 5.744350176913606570e-13
4.318574906034433776e-05 1.715049231436268258e+02 3.293269731967691041e+04 6.997907873961423246e-13
4.539992976248807967e-05 1.798290015494788747e+02 3.291696641807560809e+04 8.525022518519699871e-13
4.772763393680535859e-05 1.885570933214588933e+02 3.290124303062544641e+04 1.038539092686383681e-12
5.017468205617894183e-05 1.977088074531457096e+02 3.288552715373715910e+04 1.265173722057382398e-12
5.274719301551768723e-05 2.073047046705648881e+02 3.286981878382318246e+04 1.541265570315803848e-12
5.545159943218107865e-05 2.173663436252012104e+02 3.285411791731262201e+04 1.877607412190085792e-12
5.829466373087315435e-05 2.279163293278200513e+02 3.283842455057652114e+04 2.287347269803978129e-12
6.128349505322671351e-05 2.389783639360625784e+02 3.282273868007728743e+04 2.786502385278609349e-12
6.442556703436033705e-05 2.505773000032176583e+02 3.280706030223418929e+04 3.394585354691630423e-12
6.772873649085907528e-05 2.627391963133703712e+02 3.279138941343838815e+04 4.135366899793350861e-12
7.120126306690828879e-05 2.754913764275917174e+02 3.277572601012751693e+04 5.037805095185193212e-12
7.485182988770643921e-05 2.888624900693491782e+02 3.276007008871110884e+04 6.137177375559823567e-12
7.868956527180084881e-05 3.028825774920321692e+02 3.274442164565998246e+04 7.476459574656744672e-12
8.272406555663884206e-05 3.175831369663455348e+02 3.272878067735728473e+04 9.108005904151826833e-12
8.696541909440986997e-05 3.329971955486198567e+02 3.271314718024745162e+04 1.109559554515117504e-11
9.142423147818073699e-05 3.491593832798399717e+02 3.269752115076173504e+04 1.351692585590651696e-11
9.611165206140254191e-05 3.661060109875842272e+02 3.268190258533308952e+04 1.646664965846897452e-11
1.010394018371016720e-04 3.838751518638625271e+02 3.266629148039617212e+04 2.006007533556686762e-11
1.062198027464676133e-04 4.025067270023640162e+02 3.265068783238733886e+04 2.443767437911437144e-11
1.116658084901241013e-04 4.220425950872991052e+02 3.263509163774465924e+04 2.977057259604488631e-11
1.173910369191279803e-04 4.425266464355418066e+02 3.261950289291530862e+04 3.626723962957140704e-11
1.234098040866900780e-04 4.640049016021492889e+02 3.260392159432591870e+04 4.418163829750793279e-11
1.297371600457651012e-04 4.865256147737553647e+02 3.258834773842707364e+04 5.382315231568362415e-11
1.363889264820232711e-04 5.101393821782097007e+02 3.257278132166363503e+04 6.556868049324219001e-11
1.433817362763056455e-04 5.348992557569318933e+02 3.255722234048216706e+04 7.987737017722225086e-11
1.507330750954898936e-04 5.608608623542179430e+02 3.254167079133092557e+04 9.730856589506275329e-11
1.584613251157653230e-04 5.880825286917283847e+02 3.252612667066726499e+04 1.185436748299236466e-10
1.665858109876483387e-04 6.166254124073298044e+02 3.251058997492803974e+04 1.444128038772101936e-10
1.751268481576742783e-04 6.465536394566569243e+02 3.249506070057399847e+04 1.759272095588289188e-10
1.841057936675958640e-04 6.779344481808444698e+02 3.247953884406017823e+04 2.143188293018136798e-10
1.935450995581117185e-04 7.108383403680063566e+02 3.246402440184331135e+04 2.610884394090286221e-10
2.034683690106629794e-04 7.453392396462958231e+02 3.244851737038182910e+04 3.180643222768160811e-10
2.139004153676812446e-04 7.815146575649938541e+02 3.243301774614322130e+04 3.874737362345197065e-10
2.248673241788693637e-04 8.194458677344782700e+02 3.241752552557085801e+04 4.720299818499315232e-10
2.363965184286629729e-04 8.592180884228309878e+02 3.240204070514667546e+04 5.750384682343739040e-10
2.485168271079757005e-04 9.009206740084841840e+02 3.238656328132480121e+04 7.005259256061101864e-10
2.612585573016925852e-04 9.446473157307126485e+02 3.237109325057580281e+04 8.533978151984838039e-10
2.746535699721688829e-04 9.904962521804005746e+02 3.235563060936823967e+04 1.039630089857727462e-09
2.887353596282311993e-04 1.038570490008241222e+03 3.234017535417236650e+04 1.266502801493817238e-09
3.035391380788964293e-04 1.088978035345211310e+03 3.232472748146378945e+04 1.542884687390654577e-09
3.191019224812350285e-04 1.141832136453860130e+03 3.230928698770878691e+04 1.879579860207383313e-09
3.354626279025451924e-04 1.197251538159336405e+03 3.229385386938634110e+04 2.289750154220504536e-09
3.526621646282911485e-04 1.255360748626911345e+03 3.227842812297435739e+04 2.789429637841863036e-09
3.707435404591257876e-04 1.316290319088674096e+03 3.226300974495104674e+04 3.398151405352617840e-09
3.897519682527942697e-04 1.380177137146951964e+03 3.224759873179608257e+04 4.139711149923076258e-09
4.097349789798286580e-04 1.447143501641434796e+03 3.223195862517902788e+04 5.043023375065365946e-09
4.307425405757319271e-04 1.517372065981828655e+03 3.221646393661199909e+04 6.143496842021692818e-09
4.528271828868440083e-04 1.591040279617812075e+03 3.220129567362038870e+04 7.484260608371400064e-09
4.760441290223192071e-04 1.668293754053510384e+03 3.218621827138083245e+04 9.117681621889498970e-09
5.004514334406633081e-04 1.749297586362813945e+03 3.217114140439674520e+04 1.110758814927166698e-08
5.261101271161193775e-04 1.834225320997024028e+03 3.215599068990018350e+04 1.353171768112176247e-08
5.530843701478924991e-04 1.923245645329703393e+03 3.214059125945873893e+04 1.648462886543765194e-08
5.814416121938181326e-04 2.016535376402084694e+03 3.212479289260295627e+04 2.008142065988144885e-08
6.112527611296385451e-04 2.114285241058435076e+03 3.210850861483185145e+04 2.446224654141088337e-08
6.425923603556274889e-04 2.216693364463578746e+03 3.209165289740212029e+04 2.979768701987076365e-08
6.755387751939181127e-04 2.323955516949048615e+03 3.207407290114603529e+04 3.629517679381845797e-08
7.101743888426273075e-04 2.436283354289605086e+03 3.205568312494361453e+04 4.420720683014353997e-08
7.465858083767621441e-04 2.553883824948934944e+03 3.203632103533995542e+04 5.384068632540234911e-08
7.848640813110194670e-04 2.676983428396601994e+03 3.201590927272863701e+04 6.556911242098408897e-08
8.251049232659968648e-04 2.805815309543148032e+03 3.199436318417480288e+04 7.984668219668466161e-08
8.674089573071004124e-04 2.940590791137367887e+03 3.197143705637559469e+04 9.722468831248716185e-08
9.118819655546198935e-04 3.081571832784949038e+03 3.194713667953239928e+04 1.183745755426228119e-07
9.586351536941296880e-04 3.228980410859169751e+03 3.192121607725691865e+04 1.441105320478845283e-07
1.007785429048626679e-03 3.383092232304716163e+03 3.189367561000467686e+04 1.754237221079974622e-07
1.059455692907732439e-03 3.544157677367257293e+03 3.186435282006860143e+04 2.135166224997645240e-07
1.113775147844932919e-03 3.712413183629028026e+03 3.183300728583952878e+04 2.598478539570883960e-07
1.170879620791311689e-03 3.888133774008589171e+03 3.179955523603346592e+04 3.161900499105419359e-07
1.230911902673626282e-03 4.071580765604645876e+03 3.176383302311078660e+04 3.846929494592978347e-07
1.294022105466001958e-03 4.263020201881598950e+03 3.172568468615536403e+04 4.679643137458640645e-07
1.360368037548055848e-03 4.462716624328279977e+03 3.168494039331643216e+04 5.691658414255359672e-07
1.430115598308045934e-03 4.670916089690580520e+03 3.164136443099329699e+04 6.921269419573639769e-07
1.503439192977754080e-03 4.887932124862596538e+03 3.159495085630785252e+04 8.414978842500195207e-07
1.580522168736409397e-03 5.113985081284870830e+03 3.154537977076882817e+04 1.022896024856468217e-06
1.661557273174137529e-03 5.349310634903865321e+03 3.149240817944507580e+04 1.243122779008197320e-06
1.746747136261333697e-03 5.594192750789243291e+03 3.143595125503987219e+04 1.510420268445486405e-06
1.836304777029133936e-03 5.848859818539739535e+03 3.137577275111711788e+04 1.834745214389333074e-06
1.930454136227949345e-03 6.113492950617276620e+03 3.131154253671291008e+04 2.228117753223174783e-06
2.029430636295988157e-03 6.388388619564510009e+03 3.124326050668617245e+04 2.705105596513507074e-06
2.133481770037976965e-03 6.673638682290757060e+03 3.117044210437816218e+04 3.283218283840326676e-06
2.242867719486086112e-03 6.969481492110967338e+03 3.109301115614286391e+04 3.983654903318359945e-06
2.357862006490532136e-03 7.276064931622441691e+03 3.101071374014487083e+04 4.831944957812049411e-06
2.478752176666675511e-03 7.593526679631372645e+03 3.092332404967470939e+04 5.858859829731390718e-06
2.605840518408833982e-03 7.921878892685183018e+03 3.083041993394618476e+04 7.101366968596000255e-06
2.739444818768723561e-03 8.261274072681022517e+03 3.073192657539785068e+04 8.604090299523049607e-06
2.879899158088616417e-03 8.611706429030349682e+03 3.062751849677279824e+04 1.042056622453507505e-05
3.027554745376210416e-03 8.973130911955769989e+03 3.051688038699579556e+04 1.261508780507060809e-05
3.182780796510085389e-03 9.345490741799598254e+03 3.039975756764278776e+04 1.526485058486841339e-05
3.345965457471714814e-03 9.728640552275817754e+03 3.027583112557934146e+04 1.846234133639501493e-05
3.517516774912597243e-03 1.012248073097420274e+04 3.014493873569388597e+04 2.231853836716434113e-05
3.697863716483424691e-03 1.052669626799772777e+04 3.000667698436186765e+04 2.696590841456792358e-05
3.887457243476651579e-03 1.094100373341576596e+04 2.986079535263607249e+04 3.256299192217148680e-05
4.086771438464619106e-03 1.136500801702534591e+04 2.970698603873700267e+04 3.929895968502566375e-05
4.296304690752923532e-03 1.179820385157677083e+04 2.954490498669540466e+04 4.739923970557398473e-05
4.516580942613284376e-03 1.224016007331652327e+04 2.937440845006146264e+04 5.713296322916988211e-05
4.748150999412126434e-03 1.269006577522026055e+04 2.919499788880682900e+04 6.881889539721976559e-05
4.991593906910903912e-03 1.314728694948272641e+04 2.900651232780842838e+04 8.283695733189191913e-05
5.247518399182111472e-03 1.361088115620693316e+04 2.880855627438703232e+04 9.963648796651343442e-05
5.516564420761540903e-03 1.407999466198779555e+04 2.860095596892636968e+04 1.197509124992787716e-04
5.799404726842954938e-03 1.455352962941545957e+04 2.838339900435019081e+04 1.438099210774016921e-04
6.096746565516493986e-03 1.503005931803083149e+04 2.815538779393917139e+04 1.725541387551270730e-04
6.409333446257287764e-03 1.550836874593708490e+04 2.791676922066355110e+04 2.068592648317220558e-04
6.737946999086424568e-03 1.598691796595999949e+04 2.766721220772963716e+04 2.477523467365012823e-04
7.083408929053131541e-03 1.646421809173911242e+04 2.740655914890877102e+04 2.964410295947320908e-04
7.446583070925409317e-03 1.693813689452545077e+04 2.713424293632274566e+04 3.543292569558866511e-04
7.828377549226901017e-03 1.740695912135644176e+04 2.685018456423311363e+04 4.230663237342164001e-04
8.229747049021221908e-03 1.786860935747848634e+04 2.655413315727277586e+04 5.045688947270105234e-04
8.651695203121895217e-03 1.832041704955331079e+04 2.624553078674788776e+04 6.010481263126828295e-04
9.095277101697147801e-03 1.876027232291108885e+04 2.592436828397658246e+04 7.150842331149279141e-04
9.561601930544914862e-03 1.918523955326309442e+04 2.559016919733620671e+04 8.496292643888463938e-04
1.005183574463506743e-02 1.959250517168706210e+04 2.524267990410721177e+04 1.008083203717716637e-03
1.056720438385422289e-02 1.997923442933344631e+04 2.488174456954311972e+04 1.194343976906062825e-03
1.110899653824396448e-02 2.034199571317006848e+04 2.450694161592123783e+04 1.412824806589560141e-03
1.167856697039719623e-02 2.067756307679079691e+04 2.411809186103994216e+04 1.668546367557968571e-03
1.227733990307029038e-02 2.098244182680553058e+04 2.371494995841476702e+04 1.967157466241032521e-03
1.290681258048182248e-02 2.125295656136346952e+04 2.329725787657428373e+04 2.314976702326863606e-03
1.356855901220299469e-02 2.148537681380141657e+04 2.286480742276273304e+04 2.719032616200128382e-03
1.426423390900143431e-02 2.167608542093881624e+04 2.241751238246485445e+04 3.187105710636449832e-03
1.499557682048000690e-02 2.182132008905683324e+04 2.195525230267106599e+04 3.727698739436777643e-03
1.576441648485692182e-02 2.191696272190450327e+04 2.147776260013313731e+04 4.349950632685659069e-03
1.657267540176381518e-02 2.196003880735377970e+04 2.098535574231902501e+04 5.063854689022759432e-03
1.742237463949622076e-02 2.194685120990525684e+04 2.047796633391389332e+04 5.879826661181655756e-03
1.831563888873704443e-02 2.187445807146529478e+04 1.995585304417730731e+04 6.808850185033026199e-03
1.925470177538994923e-02 2.174028181397369553e+04 1.941937111975365406e+04 7.862231328913333109e-03
2.024191144580758314e-02 2.154256831822584354e+04 1.886914610075320161e+04 9.051536344759164576e-03
2.127973643838054069e-02 2.127975708471740654e+04 1.830576031369588600e+04 1.038808893331540605e-02
2.237077185616915750e-02 2.095153914548465764e+04 1.773018780567208159e+04 1.188308210744731114e-02
2.351774585601286785e-02 2.055902411405466773e+04 1.714381803237906570e+04 1.354752101813093412e-02
2.472352647034336062e-02 2.010383568626374472e+04 1.654804504141630969e+04 1.539148189559593448e-02
2.599112877875953478e-02 1.958920470796845257e+04 1.594470778878917736e+04 1.742458674236266325e-02
2.732372244729698585e-02 1.902006163142841979e+04 1.533610428417606090e+04 1.965630010906959518e-02
2.872463965424410307e-02 1.840257333879840735e+04 1.472479653893058276e+04 2.209594518529774468e-02
3.019738342232343442e-02 1.774465774005859203e+04 1.411382630691880331e+04 2.475402504653731461e-02
3.174563637807315680e-02 1.705575548556984359e+04 1.350664130371737338e+04 2.764351931317261812e-02
3.337326996033158216e-02 1.634645124270431006e+04 1.290697766188240530e+04 3.078151754385892100e-02
3.508435410085083278e-02 1.562864030859000741e+04 1.231896852607659457e+04 3.419258316204357162e-02
3.688316740124613496e-02 1.491459009697570218e+04 1.174682069046821380e+04 3.791108466473652738e-02
3.877420783172848273e-02 1.420974238478273037e+04 1.119202603243868907e+04 4.196481035917551394e-02
4.076220397837305304e-02 1.352883803375697971e+04 1.065974434530063081e+04 4.641984972138767790e-02
4.285212686704739649e-02 1.288821160691666046e+04 1.015579206241588872e+04 5.137833935713489314e-02
4.504920239356542677e-02 1.229798526396404304e+04 9.683567546576179666e+03 5.695941832097572294e-02
4.735892439114896407e-02 1.176344778369951928e+04 9.244568557974658688e+03 6.330097197540927867e-02
4.978706836787243073e-02 1.128425502480868636e+04 8.838055210865855770e+03 7.054931713994405662e-02
5.233970594844135349e-02 1.085514592022290526e+04 8.461337684941490807e+03 7.884964818868971104e-02
5.502322005641668845e-02 1.046710263100487828e+04 8.110271015045304921e+03 8.833539368027662486e-02
5.784432087484844831e-02 1.011154910435164129e+04 7.780937094309339045e+03 9.914484403616517783e-02
6.081006262522850592e-02 9.794297766519695870e+03 7.474990398801604897e+03 1.115757755562222647e-01
6.392786120671870020e-02 9.464773003738026091e+03 7.172656282676864066e+03 1.252711273753144561e-01
6.720551273976151097e-02 9.113841209514979710e+03 6.870313867998232126e+03 1.401478414383022508e-01
7.065121306044198912e-02 8.721748074915174584e+03 6.560373252062920983e+03 1.558233962804037309e-01
7.427357821434696361e-02 8.273977245755875629e+03 6.237131093001580666e+03 1.717463920082056561e-01
7.808166600116696332e-02 7.766899154854217159e+03 5.898647926962382371e+03 1.873118006112909351e-01
8.208499862391337165e-02 7.210904047711489511e+03 5.547846434766756829e+03 2.020465137886831575e-01
8.629358649938589920e-02 6.628752456779594468e+03 5.192140121481389542e+03 2.157931318375247154e-01
9.071795328942874881e-02 6.050804160768328074e+03 4.842147148707849738e+03 2.288564126845859248e-01
9.536916221556676621e-02 5.510079745805767743e+03 4.510361046383313806e+03 2.421319200221871970e-01
1.002588437228218304e-01 5.037523997923740353e+03 4.209609981832338235e+03 2.571908192709400076e-01
1.053992245618834284e-01 4.654379468532922147e+03 3.949709199117006392e+03 2.760859425396778866e-01
1.108031583623540345e-01 4.362857536849737699e+03 3.732679265226728148e+03 3.006752704725159098e-01
1.164841577735182265e-01 4.144216699419798715e+03 3.551054334085016762e+03 3.318282121196497458e-01
1.224564282530043596e-01 3.964112741405501765e+03 3.390080561765462789e+03 3.687746168896407495e-01
1.287349035878279091e-01 3.778611884070331598e+03 3.230755512961629847e+03 4.084054052777709720e-01
1.353352832366376823e-01 3.545407437948664210e+03 3.054723863640494528e+03 4.452147242608437971e-01
1.422740715865399574e-01 3.251219318382162783e+03 2.855373641953612605e+03 4.743444315124101807e-01
1.495686192226629019e-01 2.924865218820791142e+03 2.643587397006431274e+03 4.957897800269888133e-01
1.572371663136570008e-01 2.612256979471380873e+03 2.438650840904995675e+03 5.144602004286982222e-01
1.652988882216175348e-01 2.354154659264311249e+03 2.259748469932539138e+03 5.386603980210392661e-01
1.737739434504778357e-01 2.172524485564240422e+03 2.118975212194895448e+03 5.775490965685791123e-01
1.826835240527691917e-01 2.047043139381700939e+03 2.007742280842763421e+03 6.322595477138522879e-01
1.920499086207905493e-01 1.930442110542118826e+03 1.903153375395811508e+03 6.927385499529629120e-01
2.018965179946938526e-01 1.784883400666508123e+03 1.786287069285241614e+03 7.441604699914367016e-01
2.122479738267836202e-01 1.606159231663460560e+03 1.654023056333538534e+03 7.780177698179749912e-01
2.231301601484726449e-01 1.429542399831299690e+03 1.523164157036439974e+03 8.045297929698582706e-01
2.345702880938428103e-01 1.292048218675772659e+03 1.413476142594260637e+03 8.448273874867801014e-01
2.465969639416541459e-01 1.196911245680880484e+03 1.327947869265055260e+03 9.092752760146425306e-01
2.592402606459418002e-01 1.111948647364610224e+03 1.249376546532324937e+03 9.814367996420048090e-01
2.725317930340656614e-01 1.011165401175795864e+03 1.162955280626254307e+03 1.036916966267388274e+00
2.865047968602461026e-01 9.033988322500387085e+02 1.072982423450182296e+03 1.076330077684737319e+00
3.011942119122611450e-01 8.148268520718348782e+02 9.946870012400007681e+02 1.127912621612656707e+00
3.166367693791155569e-01 7.475231328590014073e+02 9.299659032634606319e+02 1.202206116657055457e+00
3.328710836981453314e-01 6.823800200212793925e+02 8.672988873695757093e+02 1.275042822736811354e+00
3.499377491112247163e-01 6.127949816132659180e+02 8.022582078698457053e+02 1.330325270823136341e+00
3.678794411715154977e-01 5.517870321355404712e+02 7.430931274855227002e+02 1.391740619837664505e+00
3.867410234545784475e-01 5.019118204392294160e+02 6.917865956889920653e+02 1.470816215752983380e+00
4.065696597406806001e-01 4.535881586380488670e+02 6.419337593788578715e+02 1.544318471903631806e+00
4.274149319488126375e-01 4.074070640240010448e+02 5.938470044398543450e+02 1.611565216136753742e+00
4.493289641173122684e-01 3.680211880217584621e+02 5.509315389859808647e+02 1.691361050945830780e+00
4.723665527411103904e-01 3.318588616566737528e+02 5.106682580732538099e+02 1.771989294664992221e+00
4.965853037915104462e-01 2.981081574031414902e+02 4.724436492248156583e+02 1.849378085744724176e+00
5.220457767611225153e-01 2.684169373126733831e+02 4.375915978353847322e+02 1.934665717202621149e+00
5.488116360941387439e-01 2.411687650930379618e+02 4.048792099949847056e+02 2.019580883063384125e+00
5.769498103806052214e-01 2.165253239018090596e+02 3.744727555714576965e+02 2.106653264889595256e+00
6.065306597127584354e-01 1.943776341674785044e+02 3.463298739736406446e+02 2.197226498576886122e+00
6.376281516219051149e-01 1.742635783147588313e+02 3.200892239933148176e+02 2.288649758770751941e+00
6.703200460357783275e-01 1.561938541566449032e+02 2.958016835461428968e+02 2.383311574427279478e+00
7.046880897188601001e-01 1.398705747717597205e+02 2.732327677422945840e+02 2.479633028510306314e+00
7.408182206818726412e-01 1.251910744638424831e+02 2.523232186587370336e+02 2.578568019491154661e+00
7.788007830715680813e-01 1.119758330368400152e+02 2.329343914647893428e+02 2.679623016911937494e+00
8.187307530781540166e-01 1.000939062916228295e+02 2.149691867834818026e+02 2.782923116397610919e+00
8.607079764252394405e-01 8.941811315096371970e+01 1.983289332317465323e+02 2.888439287581707760e+00
9.048374180361511421e-01 7.983494697153658137e+01 1.829240367109047156e+02 2.996228671393488696e+00
9.512294245009160765e-01 7.123886431925595275e+01 1.686683827170554650e+02 3.106297692353169548e+00
1.000000000000213163e+00 6.353272034799169177e+01 1.554801115701795879e+02 3.218605212840135898e+00
1.051271096376248826e+00 5.662949036149835536e+01 1.432842238146083105e+02 3.333167084337252284e+00
1.105170918075884856e+00 5.044808611621967742e+01 1.320080230413595643e+02 3.449874513808240728e+00
1.161834242728533306e+00 4.491934410953462731e+01 1.215893715470583345e+02 3.568914815039548660e+00
1.221402758160433644e+00 3.997565973679485296e+01 1.119638081549081221e+02 3.690137831483662811e+00
1.284025416688019838e+00 3.555930134265213383e+01 1.030759585434844183e+02 3.813680795801181134e+00
1.349858807576296504e+00 3.161407358116847632e+01 9.486847801329288643e+01 3.939270034372141183e+00
1.419067548593566874e+00 2.809385393993646574e+01 8.729478392005664489e+01 4.067155574814832697e+00
1.491824697641596753e+00 2.495427752949122180e+01 8.030749244173135537e+01 4.197286727684741869e+00
1.568312185490513100e+00 2.215542426676092447e+01 7.386258988842610052e+01 4.329601052735720046e+00
1.648721270700491237e+00 1.966151832152746692e+01 6.791941757424568493e+01 4.464049833556327229e+00
1.733253017867778301e+00 1.744118968386931456e+01 6.244165572965282962e+01 4.600788398163212278e+00
1.822118800390913007e+00 1.546484008377327868e+01 5.739314259595628442e+01 4.739644407129762094e+00
1.915540829014322100e+00 1.370658407459019124e+01 5.274154366449565856e+01 4.880605814697389633e+00
2.013752707470925607e+00 1.214352038985195748e+01 4.845755012756985991e+01 5.023810824139098408e+00
2.117000016613148627e+00 1.075438470211293840e+01 4.451259005672897473e+01 5.169141385496121899e+00
2.225540928492967474e+00 9.520540209932782716e+00 4.088102800233487955e+01 5.316656560295713874e+00
2.339646851926517890e+00 8.424921675743176408e+00 3.753832406620323070e+01 5.466219408460473161e+00
2.459603111157505406e+00 7.452724255579396662e+00 3.446278737744609089e+01 5.617982901640372617e+00
2.585709659316432152e+00 6.590256962202031943e+00 3.163333490687385918e+01 5.771808068788100599e+00
2.718281828459663263e+00 5.825569155049934444e+00 2.903112842539846739e+01 5.927779858608289487e+00
2.857651118063815776e+00 5.147795082405703937e+00 2.663828690588579562e+01 6.085820343483155703e+00
3.004166023947120401e+00 4.547367453160078732e+00 2.443861683376481508e+01 6.246001703146137451e+00
3.158192909690492378e+00 4.015589678285644837e+00 2.241672650446160731e+01 6.408192521023545751e+00
3.320116922737311960e+00 3.544838429815322378e+00 2.055874889762422342e+01 6.572443162215834356e+00
3.490342957462647444e+00 3.128312800343004962e+00 1.885187173661952542e+01 6.738833680640789581e+00
3.669296667620093988e+00 2.759804002610611207e+00 1.728380832497584763e+01 6.907119639225623331e+00
3.857425530697870641e+00 2.434003113105490890e+00 1.584388993951214708e+01 7.077567826205481083e+00
4.055199966845619564e+00 2.145998145904306487e+00 1.452167972949994201e+01 7.249973603566652436e+00
4.263114515169814212e+00 1.891507766266146362e+00 1.330782797876047674e+01 7.424366184597114504e+00
4.481689070339116121e+00 1.666725281244552770e+00 1.219371545513324229e+01 7.600802544184829479e+00
4.711470182591849465e+00 1.468237292557169393e+00 1.117128421767196578e+01 7.779216360943117969e+00
4.953032424396282885e+00 1.293023915442934602e+00 1.023314635535162154e+01 7.959583253911869605e+00
5.206979827181080545e+00 1.138407121282077217e+00 9.372504109453508647e+00 8.141895953667846797e+00
5.473947391728498424e+00 1.002017806359978724e+00 8.583126002504538832e+00 8.326213750249394252e+00
5.754602676007100293e+00 8.817353232423745801e-01 7.859190559779218432e+00 8.512449105864719812e+00
6.049647464414390718e+00 7.756888621104378601e-01 7.195374589049147396e+00 8.700576237409414659e+00
6.359819522603354258e+00 6.822279192936415715e-01 6.586812566642817224e+00 8.890662452009440386e+00
6.685894442280875261e+00 5.998752503899440480e-01 6.028953915904361693e+00 9.082590836611840857e+00
7.028687580590986528e+00 5.273404564454453602e-01 5.517698531407461360e+00 9.276498289796132113e+00
7.389056098932435646e+00 4.634602130465473868e-01 5.049165224214291037e+00 9.472172692187788456e+00
7.767901106308653603e+00 4.072254909452021066e-01 4.619891356297721074e+00 9.669772981280431168e+00
8.166169912569634093e+00 3.577322170199699336e-01 4.226630111603916440e+00 9.869236335084927703e+00
8.584858397179985445e+00 3.141822718292733296e-01 3.866401801407617356e+00 1.007050716873456686e+01
9.025013499436326470e+00 2.758717005468091510e-01 3.536475498256032690e+00 1.027356070612754557e+01
9.487735836360851494e+00 2.421813442307873265e-01 3.234359953628855866e+00 1.047848985406084665e+01
9.974182454817173138e+00 2.125612987382262120e-01 2.957747096987921154e+00 1.068529161264982719e+01
1.048556972473016025e+01 1.865211509311019422e-01 2.704480868044570663e+00 1.089367571517686706e+01
1.102317638064432792e+01 1.636377140490314908e-01 2.472649180862640961e+00 1.110385885316841126e+01
1.158834671922626214e+01 1.435340541304906681e-01 2.260472395454780514e+00 1.131591437645523257e+01
1.218249396070650370e+01 1.258748626174790164e-01 2.066294252534166542e+00 1.152969669692545374e+01
1.280710378266622662e+01 1.103659179896636644e-01 1.888604776770401505e+00 1.174513533804252852e+01
1.346373803500505772e+01 9.674997312641510361e-02 1.726036404073618913e+00 1.196239312902755891e+01
1.415403864537935341e+01 8.479688900576122512e-02 1.577304038483080761e+00 1.218123465599823696e+01
1.487973172487657614e+01 7.430693183394834755e-02 1.441255744312316178e+00 1.240180481156874315e+01
1.564263188419211659e+01 6.510157050495264663e-02 1.316809800610650338e+00 1.262383182520122737e+01
1.644464677110120832e+01 5.702741504916189474e-02 1.203012365637857961e+00 1.284776526324636770e+01
1.728778184057202338e+01 4.994539847043776015e-02 1.098947436742363948e+00 1.307324985771044368e+01
1.817414536944768244e+01 4.373475897098126619e-02 1.003791419129414386e+00 1.330022502812232510e+01
1.910595372823652127e+01 3.829014226181701175e-02 9.167998445116264383e-01 1.352892856705218527e+01
2.008553692319280515e+01 3.351748747829286917e-02 8.372741823983842480e-01 1.375916414888398265e+01
2.111534442254602695e+01 2.933444927578715208e-02 7.645781319565283507e-01 1.399080512894403938e+01
2.219795128144734164e+01 2.566942690058440432e-02 6.981390328725628480e-01 1.422411036405930318e+01
2.333606458094873304e+01 2.245848728823561513e-02 6.374190150629522877e-01 1.445884538186553847e+01
2.453253019711569394e+01 1.964598712833864197e-02 5.819325141664912771e-01 1.469505244598615512e+01
2.579033991719975205e+01 1.718289780979164599e-02 5.312327365582358851e-01 1.493268365465215908e+01
2.711263892066493852e+01 1.502622895755455906e-02 4.849115831619936201e-01 1.517174839251429397e+01
2.850273364377471097e+01 1.313817454378815065e-02 4.425944888734617000e-01 1.541220685806911206e+01
2.996410004740484823e+01 1.148539398559242190e-02 4.039358207809261581e-01 1.565380328198099669e+01
3.150039230875619012e+01 1.003908832785102220e-02 3.686272935427896691e-01 1.589689925662543679e+01
3.311545195870102276e+01 8.773499354839134345e-03 3.363780937900721635e-01 1.614117579263085389e+01
3.481331748761120082e+01 7.666277964155730068e-03 3.069265747406346168e-01 1.638668302676896715e+01
3.659823444368765877e+01 6.697730633759719880e-03 2.800315610219061835e-01 1.663329694484047394e+01
3.847466604904231957e+01 5.850661908178383247e-03 2.554739216942303326e-01 1.688106484310067046e+01
4.044730436007814234e+01 5.109887615827644544e-03 2.330508433174564298e-01 1.712972365094409710e+01
4.252108200007410943e+01 4.462299584183629722e-03 2.125814169186390490e-01 1.737968514525269015e+01
4.470118449331276622e+01 3.896088315663887632e-03 1.938926126651733806e-01 1.763015560597668951e+01
4.699306323159186860e+01 3.401252279197008836e-03 1.768345901198584424e-01 1.788176448966668630e+01
4.940244910554343960e+01 2.968784844651814123e-03 1.612642459693550689e-01 1.813403382744662196e+01
5.193536683484541783e+01 2.590875530874449731e-03 1.470526765739963715e-01 1.838681129490671751e+01
5.459815003315897997e+01 2.260731921379312889e-03 1.340834337165054124e-01 1.864030904207569606e+01
5.739745704546173499e+01 1.972327512166806643e-03 1.222477957768070833e-01 1.889414512582408534e+01
6.034028759737834946e+01 1.720437144244889695e-03 1.114478916291016253e-01 1.914834293215132277e+01
6.343400029814058882e+01 1.500462729212553338e-03 1.015935154981326555e-01 1.940268222315151192e+01
6.668633104094334385e+01 1.308386534159657836e-03 9.260242213978220338e-02 1.965698003981633235e+01
7.010541234670704114e+01 1.140701041890426716e-03 8.439975064429676432e-02 1.991116821595601394e+01
7.369979369961600923e+01 9.943251461827118821e-04 7.691665456978263871e-02 2.016496619252544775e+01
7.747846292528217305e+01 8.665740708144990681e-04 7.009062801348123206e-02 2.041826979087267446e+01
8.145086866499057976e+01 7.550904100267395941e-04 6.386420559940374220e-02 2.067075667110729142e+01
8.562694400222423496e+01 6.578210705514678279e-04 5.818524376230013034e-02 2.092229747004379803e+01
9.001713130054676526e+01 5.729609207630484511e-04 5.300567869912410635e-02 2.117243295191233443e+01
9.463240831495036787e+01 4.989414491808155140e-04 4.828204115203577756e-02 2.142098914090995976e+01
9.948431564196151555e+01 4.343898271651973710e-04 4.397456820831624480e-02 2.166774696690013968e+01
1.045849855771433994e+02 3.780929028298683314e-04 4.004625922347904154e-02 2.191173701202689372e+01
1.099471724521542768e+02 3.290191875098599089e-04 3.646483353349184303e-02 2.215356783387563411e+01
1.155842845272200918e+02 2.862337217062163228e-04 3.319899616147228144e-02 2.239171838686259264e+01
1.215104175187690743e+02 2.489489068227467516e-04 3.022181871121976809e-02 2.262668974602796013e+01
1.277403898460648861e+02 2.164580103599744005e-04 2.750763457334658157e-02 2.285749496734330677e+01
1.342897796849734675e+02 1.881490908167368116e-04 2.503331753078041205e-02 2.308347917846230501e+01
1.411749639215168770e+02 1.634868678346125081e-04 2.277769187534826184e-02 2.330377018123098765e+01
1.484131591026187778e+02 1.420085844361047356e-04 2.072175368703695064e-02 2.351809204789178409e+01
1.560224644864394463e+02 1.233058521254905705e-04 1.884785722204108255e-02 2.372549862928655529e+01
1.640219072999485945e+02 1.070253870745820350e-04 1.714014427861614356e-02 2.392558906797191298e+01
1.724314903169036768e+02 9.285460714938629774e-05 1.558381303145634465e-02 2.411700987840774246e+01
1.812722418752032070e+02 8.052410024251924496e-05 1.416562927872624597e-02 2.429909267789530602e+01
1.905662684586848457e+02 6.979815942650602540e-05 1.287347659108743249e-02 2.447103394042392921e+01
2.003368099748494728e+02 6.046892806484544376e-05 1.169609610798947978e-02 2.463115579102145247e+01
2.106082978667353416e+02 5.235849387086311240e-05 1.062354096366333045e-02 2.477900359949296671e+01
2.214064162042512862e+02 4.530973230766025418e-05 9.646558520676697460e-03 2.491336335469641483e+01
2.327581659077297047e+02 3.918564078004744297e-05 8.756711920712556899e-03 2.503294764108365555e+01
2.446919322642916654e+02 3.386661459655849148e-05 7.946289982911108885e-03 2.513627944440959538e+01
2.572375559058498879e+02 2.924953582325385672e-05 7.208400979686939436e-03 2.522274568698448505e+01
2.704264074262317763e+02 2.524312854613486266e-05 6.536600881000609320e-03 2.529069323355653864e+01
2.842914658240042627e+02 2.176863817038981601e-05 5.925117128911428117e-03 2.533920516866091788e+01
2.988674009671481713e+02 1.875702962157648293e-05 5.368639873798279963e-03 2.536704993156390842e+01
3.141906602857868620e+02 1.614832768264920870e-05 4.862358187830678746e-03 2.537333920125096753e+01
3.302995599097462787e+02 1.389008301753852144e-05 4.401863012342905127e-03 2.535707093045985872e+01
3.472343804788374655e+02 1.193666610918589004e-05 3.983149032947784322e-03 2.531753752543835390e+01
3.650374678654371792e+02 1.024839309987286455e-05 3.602581809467358693e-03 2.525447612602626180e+01
3.837533390612260860e+02 8.790441326303134381e-06 3.256808589291435886e-03 2.516734719255730823e+01
4.034287934928555046e+02 7.532632584469424101e-06 2.942803190366949980e-03 2.505634486043658526e+01
4.241130300448911044e+02 6.448623737678657620e-06 2.657799868554452070e-03 2.492195704183864891e+01
4.458577700826506316e+02 5.515376410942397355e-06 2.399259739099211895e-03 2.476477776793174712e+01
4.687173867825576963e+02 4.712890386216932630e-06 2.164882292032209530e-03 2.458616483621701221e+01
4.927490410934046849e+02 4.023668317609339687e-06 1.952552123440783180e-03 2.438764113544264589e+01
5.180128246684984106e+02 3.432457626358980170e-06 1.760333981591601831e-03 2.417113139548423817e+01
5.445719101260938260e+02 2.925993300243476514e-06 1.586463464643624987e-03 2.393918132611496929e+01
5.724927090138447738e+02 2.492653989433855928e-06 1.429306408336011467e-03 2.369420472433503022e+01
6.018450378722650385e+02 2.122358421262255003e-06 1.287373714664928441e-03 2.343921379536903160e+01
6.327022928124463306e+02 1.806322249388059989e-06 1.159294618096719373e-03 2.317734658906965350e+01
6.651416330445650829e+02 1.536870680624554240e-06 1.043796407203912997e-03 2.291131316562403697e+01
6.992441738160994191e+02 1.307365878862500261e-06 9.397160377404086169e-04 2.264404318194702626e+01
7.350951892421985576e+02 1.112042370659803373e-06 8.459791589816664402e-04 2.237805492924475814e+01
7.727843255353874383e+02 9.458979057656406417e-07 7.615914496076938963e-04 2.211512695549636831e+01
8.124058251677936369e+02 8.046304239520321293e-07 6.856446369660477340e-04 2.185676057419462737e+01
8.540587625264155349e+02 6.845348165984491614e-07 6.173046670452189168e-04 2.160374584724971569e+01
8.978472916506958654e+02 5.824413071480453145e-07 5.558131329722333213e-04 2.135648906355591947e+01
9.438809066718714575e+02 4.956322161804509893e-07 5.004761833718006240e-04 2.111452860131145925e+01
9.922747156053346771e+02 4.218112546749612076e-07 4.506752037652716277e-04 2.087777426807517855e+01
1.043149728180628472e+03 3.590216721063637520e-07 4.058502759981531772e-04 2.064575987608838403e+01
1.096633158428801380e+03 3.056040589627738982e-07 3.654988400206052291e-04 2.041801399040549114e+01
1.152858742783748994e+03 2.601670463937896515e-07 3.291800585068952270e-04 2.019532458917024798e+01
1.211967074492957408e+03 2.215081764194625248e-07 2.964853143701154750e-04 1.997710191613576569e+01
1.274105955173854682e+03 1.886346142778900934e-07 2.670668172564501165e-04 1.976552180610945086e+01
1.339430764394840480e+03 1.606763672788092956e-07 2.405947628681266953e-04 1.956064054186605716e+01
1.408104848205140797e+03 1.368966059934854547e-07 2.167741235215825651e-04 1.936278937808337020e+01
1.480299927585014302e+03 1.166720379731523706e-07 1.953419061711537919e-04 1.917282890062325507e+01
1.556196527837648091e+03 9.945986236668283356e-08 1.760503477114608848e-04 1.898940857423414030e+01
1.635984429996447261e+03 8.480949268554593051e-08 1.586850904685946275e-04 1.881274732704334696e+01
1.719863145376471039e+03 7.233365881010403913e-08 1.430490699928845270e-04 1.864199395436158468e+01
1.808042414456641382e+03 6.171131668479233328e-08 1.289728091434073985e-04 1.847825322987481300e+01
1.900742731340188357e+03 5.266309180148646271e-08 1.162973610481255615e-04 1.832089250651654311e+01
1.998195895104759757e+03 4.495546124971891096e-08 1.048839038420683063e-04 1.817050109963905058e+01
2.100645589420852957e+03 3.837817555502549295e-08 9.459337221800559752e-05 1.802241325075209488e+01
2.208347991887921125e+03 3.276319090022841097e-08 8.531248113197358940e-05 1.787553230369293189e+01
2.321572414611807289e+03 2.796971618480797822e-08 7.694217117156448111e-05 1.772984842232666125e+01
2.440601977625289692e+03 2.387755899115625028e-08 6.939310199449378800e-05 1.758535185068256723e+01
2.565734316835632853e+03 2.038411185901924240e-08 6.258469875617242624e-05 1.744203291229960584e+01
2.697282328269386653e+03 1.740177948821743101e-08 5.644429209565551451e-05 1.729988200957895828e+01
2.835574950475434889e+03 1.485578235887456114e-08 5.090634250061743660e-05 1.715888962314163990e+01
2.980957987042702825e+03 1.268228169674712164e-08 4.591174077262689550e-05 1.701904631119068512e+01
3.133794971289250043e+03 1.082677876871076562e-08 4.140717712625601653e-05 1.688034270887911248e+01
3.294468075284922634e+03 9.242748372059244767e-09 3.734457218810959017e-05 1.674276952768177296e+01
3.463379065480592999e+03 7.890472253491139601e-09 3.368056382255942390e-05 1.660631755477363569e+01
3.640950307333554974e+03 6.736043206729180066e-09 3.037604430682739766e-05 1.647097765241597855e+01
3.827625821441170956e+03 5.750514877337547199e-09 2.739574291545210559e-05 1.633674075733825148e+01
4.023872393823642142e+03 4.909175956806419429e-09 2.470784945888746654e-05 1.620359788013910673e+01
4.230180743132199495e+03 4.190930566906322152e-09 2.228367475804721352e-05 1.607154010467367655e+01
4.447066747701334862e+03 3.577769297977394020e-09 2.009734443091445113e-05 1.594055858746924947e+01
4.675072735513344924e+03 3.054317637860080951e-09 1.812552272281467924e-05 1.581064455712190053e+01
4.914768840300775992e+03 2.607450468708811546e-09 1.634716343269251409e-05 1.568178931371652673e+01
5.166754427177720572e+03 2.225962965506742329e-09 1.474328527688810504e-05 1.555398422824247717e+01
5.431659591364801599e+03 1.900289644336231224e-09 1.329676929276845740e-05 1.542722074200935367e+01
5.710146733755425885e+03 1.622264515775294149e-09 1.199217611981449716e-05 1.530149036608462509e+01
6.002912217263044113e+03 1.384916329459456287e-09 1.081558120790067254e-05 1.517678468071960118e+01
6.310688108091153481e+03 1.182293775738910745e-09 9.754426193875560789e-06 1.505309533478055961e+01
6.634244006280128815e+03 1.009316261507804127e-09 8.797384860118828101e-06 1.493041404520170445e+01
6.974388970108182548e+03 8.616465185290299118e-10 7.934242244370698591e-06 1.480873259641656503e+01
7.331973539158482708e+03 7.355818500180381494e-10 7.155785610532705220e-06 1.468804283981989300e+01
7.707891861111141225e+03 6.279612885800703719e-10 6.453706116704426788e-06 1.456833669321665425e+01
8.103083927578147268e+03 5.360863375645092594e-10 5.820510130918405333e-06 1.444960614027595902e+01
8.518537924572025076e+03 4.576533084916180347e-10 5.249439248005874332e-06 1.433184323000432414e+01
8.955292703485578386e+03 3.906955579671355329e-10 4.734398153887651896e-06 1.421504007620639776e+01
9.414440378761499232e+03 3.335341757243407855e-10 4.269889567357272077e-06 1.409918885696021462e+01
9.897129058747319505e+03 2.847358873362478344e-10 3.850955564954809648e-06 1.398428181408682391e+01
1.040456571656430970e+04 2.430771160439239802e-10 3.473124662667785249e-06 1.387031125264049614e+01
1.093801920816896018e+04 2.075133025801394478e-10 3.132364089631548118e-06 1.375726954038707639e+01
1.149882344515380282e+04 1.771527137089297536e-10 2.825036744427492808e-06 1.364514910729593389e+01
1.208838073022117533e+04 1.512340827514809414e-10 2.547862374550543339e-06 1.353394244502820776e+01
1.270816526367042752e+04 1.291075214532622157e-10 2.297882564697585753e-06 1.342364210643751221e+01
1.335972682966652428e+04 1.102182245730543309e-10 2.072429160178763504e-06 1.331424070507235236e+01
1.404469467150771925e+04 9.409255859998876065e-11 1.869095788419992600e-06 1.320573091468625648e+01
1.476478156558243427e+04 8.032618578447669954e-11 1.685712174590137512e-06 1.309810546872741277e+01
1.552178810420236550e+04 6.857392570344067386e-11 1.520320977216223419e-06 1.299135715987613615e+01
1.631760719802116000e+04 5.854110014632034108e-11 1.371156896535838357e-06 1.288547883954871232e+01
1.715422880929701932e+04 4.997614430247407661e-11 1.236627832604468228e-06 1.278046341742469849e+01
1.803374492783486858e+04 4.266429898136388384e-11 1.115297892046671850e-06 1.267630386095743766e+01
1.895835480205053682e+04 3.642222570343287460e-11 1.005872062077294995e-06 1.257299319493512968e+01
1.993037043823734348e+04 3.109340963906763356e-11 9.071823882054461817e-07 1.247052450097022636e+01
2.095222238178608313e+04 2.654423512872188382e-11 8.181755080966579428e-07 1.236889091708215460e+01
2.202646579481454319e+04 2.266063538054107130e-11 7.379014085286114336e-07 1.226808563719511547e+01
2.315578684540369068e+04 1.934523233989571306e-11 6.655032854445264659e-07 1.216810191071617631e+01
2.434300942441707230e+04 1.651489501506830471e-11 6.002083988706539017e-07 1.206893304205527429e+01
2.559110220669883711e+04 1.409865503638206822e-11 5.413198250919601765e-07 1.197057239020993435e+01
2.690318607430719567e+04 1.203592718291545443e-11 4.882090180492541587e-07 1.187301336828205578e+01
2.828254192034512744e+04 1.027499025819255407e-11 4.403091005656888571e-07 1.177624944306712251e+01
2.973261885290210193e+04 8.771690223900012844e-12 3.971088137937809082e-07 1.168027413460284514e+01
3.125704281962085952e+04 7.488333073864934947e-12 3.581470603040090617e-07 1.158508101573805149e+01
3.285962567445517197e+04 6.392739687996836970e-12 3.230079825702733662e-07 1.149066371170215639e+01
3.454437470929026313e+04 5.457438967442509198e-12 2.913165243226260428e-07 1.139701589968093387e+01
3.631550267425979837e+04 4.658979019476685079e-12 2.627344273912558896e-07 1.130413130838280189e+01
3.817743831181556016e+04 3.977339120678419117e-12 2.369566213146313648e-07 1.121200371763433701e+01
4.013483743089039490e+04 3.395427713829008729e-12 2.137079671756572787e-07 1.112062695795338385e+01
4.219259454884566367e+04 2.898653851239013336e-12 1.927403209117742034e-07 1.102999491013839695e+01
4.435585513031406299e+04 2.474561338791576160e-12 1.738298847540822696e-07 1.094010150485874355e+01
4.663002845354139572e+04 2.112516407167597062e-12 1.567748185261614622e-07 1.085094072224829098e+01
4.902080113639969204e+04 1.803441078866775380e-12 1.413930853068327534e-07 1.076250659150235833e+01
5.153415135589398415e+04 1.539585545423004251e-12 1.275205084625829926e-07 1.067479319047759745e+01
5.417636379671867326e+04 1.314333847361081513e-12 1.150090193114395594e-07 1.058779464529789571e+01
5.695404536624281900e+04 1.122037984478705831e-12 1.037250767147008262e-07 1.050150512995399055e+01
5.987414171521994285e+04 9.578762969092727997e-13 9.354824172819632814e-08 1.041591886591816518e+01
6.294395460553275188e+04 8.177325659851915740e-13 8.436989209955191374e-08 1.033103012176176172e+01
6.617116016840114025e+04 6.980928034552454070e-13 7.609206289063278099e-08 1.024683321276422276e+01
6.956382809870861820e+04 5.959571411331449489e-13 6.862640085067461024e-08 1.016332250053521058e+01
7.313044183344273188e+04 5.087646116815464681e-13 6.189322137956178139e-08 1.008049239263658592e+01
7.687991976470644295e+04 4.343289344722291326e-13 5.582065801578148529e-08 9.998337342208008849e+00
8.082163754034375597e+04 3.707836964058734062e-13 5.034389537112976916e-08 9.916851847595525626e+00
8.496545150794286747e+04 3.165355531458936715e-13 4.540447732491793822e-08 9.836030451985404710e+00
8.932172336083906703e+04 2.702242773254378288e-13 4.094968309366751152e-08 9.755867743027639705e+00
9.390134604774527543e+04 2.306886519709482747e-13 3.693196451690243628e-08 9.676358352499846660e+00
9.871577101079767453e+04 1.969373539448272715e-13 3.330843855267943938e-08 9.597496955903785931e+00
1.037770368201258680e+05 1.681240973383130919e-13 3.004042956637516199e-08 9.519278272164022781e+00
1.090977992765488161e+05 1.435264135505454993e-13 2.709305652696102855e-08 9.441697063232112441e+00
1.146913630576689611e+05 1.225275359856362674e-13 2.443486070500659373e-08 9.364748133740555147e+00
1.205717149864963576e+05 1.046009351402366166e-13 2.203746989856690956e-08 9.288426330676546883e+00
1.267535590057915979e+05 8.929711631101949117e-14 1.987529560300440193e-08 9.212726543019655878e+00
1.332523529455816897e+05 7.623234888649135388e-14 1.792525989258388757e-08 9.137643701403803220e+00
1.400843471757866791e+05 6.507904461898735235e-14 1.616654909867633100e-08 9.063172777777568356e+00
1.472666252406089625e+05 5.555754362005022446e-14 1.458039165546728712e-08 8.989308785067674279e+00
1.548171465762921434e+05 4.742910211981247546e-14 1.314985774201039194e-08 8.916046776845201194e+00
1.627547914190663723e+05 4.048990616424172793e-14 1.185967858210930769e-08 8.843381846994123663e+00
1.710994080155731353e+05 3.456596114867235449e-14 1.069608347333123923e-08 8.771309129386683168e+00
1.798718622538203781e+05 2.950872904680042311e-14 9.646652805669537733e-09 8.699823797541576198e+00
1.890940898387710622e+05 2.519140394250339404e-14 8.700185501088688524e-09 8.628921064321023238e+00
1.987891511430313694e+05 2.150573247625090033e-14 7.846579459031071734e-09 8.558596181609804177e+00
2.089812888697938761e+05 1.835929948151680602e-14 7.076723731832843032e-09 8.488844439981322765e+00
2.196959886722229712e+05 1.567321075085890741e-14 6.382401279201328704e-09 8.419661168382731375e+00
2.309600428808625729e+05 1.338011482889891931e-14 5.756201263801567272e-09 8.351041733841460868e+00
2.428016174984180834e+05 1.142251423018910291e-14 5.191439951818491641e-09 8.282981541135594483e+00
2.552503226294341730e+05 9.751323737311170144e-15 4.682089374260371613e-09 8.215476032508815862e+00
2.683372865209793090e+05 8.324639629556480689e-15 4.222712987535938631e-09 8.148520687327550860e+00
2.820952333994774381e+05 7.106688981807042593e-15 3.808407646622828519e-09 8.082111021816102081e+00
2.965585652983192704e+05 6.066932687971269515e-15 3.434751271437623387e-09 8.016242588737211960e+00
3.117634480808650260e+05 5.179299718141290293e-15 3.097755647851065544e-09 7.950910977101848687e+00
3.277479018739408348e+05 4.421533409050620949e-15 2.793823859558403432e-09 7.886111811859223053e+00
3.445518961379595567e+05 3.774633396648988041e-15 2.519711896466885332e-09 7.821840753625748377e+00
3.622174496113909991e+05 3.222379197661803122e-15 2.272494029812899024e-09 7.758093498376254615e+00
3.807887353794944938e+05 2.750923494385288326e-15 2.049531584455686601e-09 7.694865777176994825e+00
4.003121913300411543e+05 2.348444924622340194e-15 1.848444775023821717e-09 7.632153355864378597e+00
4.208366362722213962e+05 2.004851670808400519e-15 1.667087305327029131e-09 7.569952034797143625e+00
4.424133920090965694e+05 1.711528416016744002e-15 1.503523459902169247e-09 7.508257648553786190e+00
4.650964116688389913e+05 1.461120322010783873e-15 1.356007443193722761e-09 7.447066065673953794e+00
4.889424146156553179e+05 1.247348612744879285e-15 1.222964745835095104e-09 7.386373188348058783e+00
5.140110282777408138e+05 1.064853139250972196e-15 1.102975339156620889e-09 7.326174952176896404e+00
5.403649372469085502e+05 9.090579783284449530e-16 9.947585185351725396e-10 7.266467325882339345e+00
5.680700400227193022e+05 7.760566950517585800e-16 8.971592338183521627e-10 7.207246311040689690e+00
5.971956137930564582e+05 6.625143921429096762e-16 8.091357609191022911e-10 7.148507941818271760e+00
6.278144876631795196e+05 5.655840901763230985e-16 7.297485829927868847e-10 7.090248284689752545e+00
6.600032247664229944e+05 4.828353419252520402e-16 6.581503625240762898e-10 7.032463438206924877e+00
6.938423137119094608e+05 4.121932909028538182e-16 5.935768972844371616e-10 6.975149532705142263e+00
7.294163698479967425e+05 3.518866460519080505e-16 5.353389636353963953e-10 6.918302730063524919e+00
7.668143468447235646e+05 3.004032680842120588e-16 4.828149601126146223e-10 6.861919223432024317e+00
8.061297591243179049e+05 2.564522538384791760e-16 4.354442727753890588e-10 6.805995236995641129e+00
8.474609156959623797e+05 2.189315679495173280e-16 3.927212915040190003e-10 6.750527025708614737e+00
8.909111659795242595e+05 1.869004102222569650e-16 3.541900133800579760e-10 6.695510875046951860e+00
9.365891582329371013e+05 1.595556258442488480e-16 3.194391755479389970e-10 6.640943100759770346e+00
9.846091112294379855e+05 1.362115669423954070e-16 2.880978656087999363e-10 6.586820048622527679e+00
1.035091099863994634e+06 1.162829005290839887e-16 2.598315626941320033e-10 6.533138094192024958e+00
1.088161355403086869e+06 9.926993176119356036e-17 2.343385669637271950e-10 6.479893642564074518e+00
1.143952581128624268e+06 8.474607450480023420e-17 2.113467794182397925e-10 6.427083128132657031e+00
1.202604284165272489e+06 7.234715504036177406e-17 1.906107976557529263e-10 6.374703014351148944e+00
1.264263124320930336e+06 6.176228070761711943e-17 1.719092965739641980e-10 6.322749793495214377e+00
1.329083280812643003e+06 5.272604452905040250e-17 1.550426660610008376e-10 6.271219986431126436e+00
1.397226837794951163e+06 4.501187034913497084e-17 1.398308804605868192e-10 6.220110142371253481e+00
1.468864189654704416e+06 3.842633162461173135e-17 1.261115770718881122e-10 6.169416838660108482e+00
1.544174467085782439e+06 3.280430141363837893e-17 1.137383231741973297e-10 6.119136680533580730e+00
1.623345985009134281e+06 2.800481195419647188e-17 1.025790530801461489e-10 6.069266300894605948e+00
1.706576713458170416e+06 2.390752001394062007e-17 9.251465853513273539e-11 6.019802360087595616e+00
1.794074772606963990e+06 2.040968938308912965e-17 8.343771741765832106e-11 5.970741545674966844e+00
1.886058953179090517e+06 1.742361484886238941e-17 7.525134717139772378e-11 5.922080572217748973e+00
1.982759263538399944e+06 1.487442305970435013e-17 6.786817073101300570e-11 5.873816181042278650e+00
2.084417504829733167e+06 1.269819513794577390e-17 6.120938390491369606e-11 5.825945140051471682e+00
2.191287875607731752e+06 1.084036396665511952e-17 5.520391425999293959e-11 5.778464243468367734e+00
2.303637607465630397e+06 9.254345964372392225e-18 4.978766253161709327e-11 5.731370311663770423e+00
2.421747633253435604e+06 7.900373040209228773e-18 4.490281846114471892e-11 5.684660190901217547e+00
2.545913289556382690e+06 6.744495441905006252e-18 4.049724375943599433e-11 5.638330753167748455e+00
2.676445055190230254e+06 5.757730493778262062e-18 3.652391560965329996e-11 5.592378895922849757e+00
2.813669327560023405e+06 4.915335880136682772e-18 3.294042477028716617e-11 5.546801541931646540e+00
2.957929238823618274e+06 4.196189252111688498e-18 2.970852292079867171e-11 5.501595639020796291e+00
3.109585513900805730e+06 3.582258602243910671e-18 2.679371441899975449e-11 5.456758159902063809e+00
