# [1] m:            [M_sun/h] 
# [2] sigma 
# [3] ln(1/sigma) 
# [4] n_eff 
# [5] f(sigma) 
# [6] dn/dm:        [h^4/(Mpc^3*M_sun)] 
# [7] dn/dlnm:      [h^3/Mpc^3] 
# [8] dn/dlog10m:   [h^3/Mpc^3] 
# [9] n(>m):        [h^3/Mpc^3] 
# [11] rho(>m):     [M_sun*h^2/Mpc^3] 
# [11] rho(<m):     [M_sun*h^2/Mpc^3] 
# [12] Lbox(N=1):   [Mpc/h]
1.000000000000000000e+10 3.587653688527043361e+00 -1.277498420175670724e+00 -2.361242218390440684e+00 2.733123234552043423e-01 2.192499916923973546e-11 2.192499916923973668e-01 5.048417625099825834e-01 2.469495464696278286e-01 3.827469383896791077e+10 3.707741616103208923e+10 1.593910466163906969e+00
1.122018454301965332e+10 3.543786093447719221e+00 -1.265195673541942734e+00 -2.356394020342360562e+00 2.745694477631898112e-01 1.762854416982405819e-11 1.977955188101991335e-01 4.554410130733879125e-01 2.229424770800436661e-01 3.802073009296183777e+10 3.733137990703816223e+10 1.649183796996789297e+00
1.258925411794171333e+10 3.500126724995260119e+00 -1.252799174981408026e+00 -2.351505963623461870e+00 2.758474435261512592e-01 1.417487107419037555e-11 1.784510540420440605e-01 4.108987368662855300e-01 2.012839833315519245e-01 3.776365407220448303e+10 3.758845592779551697e+10 1.706332229473737749e+00
1.412537544622761154e+10 3.456677162773067469e+00 -1.240307770050799396e+00 -2.346529688066314456e+00 2.771464725189608513e-01 1.139933153077991658e-11 1.610198377082868448e-01 3.707618779834218614e-01 1.817424679603093229e-01 3.750340258863410187e+10 3.784870741136589813e+10 1.765419257308442624e+00
1.584893192461123848e+10 3.413439511719774444e+00 -1.227720437408593490e+00 -2.341474016061691366e+00 2.784666598944348648e-01 9.168331105825233874e-12 1.453082555585198110e-01 3.345846231380169011e-01 1.641088054322734358e-01 3.723990359756409454e+10 3.811220640243590546e+10 1.826512737826947452e+00
1.778279410038937378e+10 3.370415261678359808e+00 -1.215035959822892364e+00 -2.336369787180620605e+00 2.798081259652794306e-01 7.374467059076852884e-12 1.311386293116676427e-01 3.019578529687179658e-01 1.481952435296051418e-01 3.697309201652723694e+10 3.837901798347276306e+10 1.889681356712112237e+00
1.995262314968899155e+10 3.327605497647051713e+00 -1.202252975562019932e+00 -2.331230172041795612e+00 2.811709787695422236e-01 5.931865996352673468e-12 1.183562867996793139e-01 2.725254216470695545e-01 1.338331616642105260e-01 3.670291073244792938e+10 3.864919926755207062e+10 1.954993963399765722e+00
2.238721138568365097e+10 3.285011550594081786e+00 -1.189370168092974245e+00 -2.326009928735547572e+00 2.825552911821261892e-01 4.772007425148952799e-12 1.068319389608615583e-01 2.459896301069296465e-01 1.208702853703605973e-01 3.642929526032982635e+10 3.892281473967017365e+10 2.022523070312252980e+00
2.511886431509613037e+10 3.242635571567028308e+00 -1.176386447149226244e+00 -2.320692310577221917e+00 2.839610777500545802e-01 3.839454399705096256e-12 9.644273411019117781e-02 2.220676018897145831e-01 1.091688545704445484e-01 3.615216756511641693e+10 3.919994243488358307e+10 2.092347183863712434e+00
2.818382931264495468e+10 3.200479303280481691e+00 -1.163300580864586431e+00 -2.315317312196524036e+00 2.853883305062010489e-01 3.089368579724612288e-12 8.707023673480683568e-02 2.004866291490287888e-01 9.860499879447601201e-02 3.587145339271516418e+10 3.948065660728483582e+10 2.164547011463654247e+00
3.162277660168431091e+10 3.158543955843153839e+00 -1.150111147942749712e+00 -2.309902960356769341e+00 2.868370209816117899e-01 2.485933662562520581e-12 7.861212485782145820e-02 1.810111068262063583e-01 8.906755539509517150e-02 3.558708952449034882e+10 3.976502047550965118e+10 2.239203112596058087e+00
3.548133892335818481e+10 3.116830678563758728e+00 -1.136816677385988905e+00 -2.304421799754768685e+00 2.883070812561876473e-01 2.000531709118869295e-12 7.098154359817161752e-02 1.634410441668569247e-01 8.045625162026862065e-02 3.529901000259883881e+10 4.005309999740116119e+10 2.316399174828458474e+00
3.981071705535050964e+10 3.075341513673877980e+00 -1.123415956448983843e+00 -2.298830311591653519e+00 2.897983652291542533e-01 1.610138490638954917e-12 6.410076787075656701e-02 1.475974725486757511e-01 7.268028870238033012e-02 3.500713329510404205e+10 4.034497670489595795e+10 2.396226051269689350e+00
4.466835921509725952e+10 3.034078483462774312e+00 -1.109907748575545305e+00 -2.293167586774803368e+00 2.913106745396669695e-01 1.296035874567077013e-12 5.789179600081493376e-02 1.333007864781287910e-01 6.565783222671024710e-02 3.471137607930953979e+10 4.064073392069046021e+10 2.478779067666809333e+00
5.011872336272837830e+10 2.993042940817881803e+00 -1.096290575850130011e+00 -2.287456520659270964e+00 2.928437780066012741e-01 1.043257555591275590e-12 5.228673682475536155e-02 1.203946607739845298e-01 5.931544604540743559e-02 3.441166722651602173e+10 4.094044277348397827e+10 2.564153773485041476e+00
5.623413251903628540e+10 2.952235976589635769e+00 -1.082562841412482602e+00 -2.281693329055031860e+00 2.943973928211341962e-01 8.398235075514970572e-13 4.722674641625275449e-02 1.087436022886735659e-01 5.358698946884100922e-02 3.410793900553153229e+10 4.124417099446846771e+10 2.652448011193203392e+00
6.309573444802097321e+10 2.911659398479039762e+00 -1.068723158685500829e+00 -2.275816282555898518e+00 2.959711411840587059e-01 6.761488137306847304e-13 4.266210599849568075e-02 9.823312930786802510e-02 4.841257117892749234e-02 3.380010916596888351e+10 4.155200083403111267e+10 2.743767350029053809e+00
7.079457843841575623e+10 2.871315451714391731e+00 -1.054770270308380109e+00 -2.269846482924974485e+00 2.975645524093020744e-01 5.444268597167459927e-13 3.854247002419754209e-02 8.874731692488711798e-02 4.373806002310863528e-02 3.348808615771775436e+10 4.186402384228224182e+10 2.838225044319998336e+00
7.943282347243049622e+10 2.831205672385615824e+00 -1.040702653574100189e+00 -2.263819168787726266e+00 2.991771008868397974e-01 4.383863488444810155e-13 3.482226546048699384e-02 8.018122935359879577e-02 3.951484636614650825e-02 3.317178989956063843e+10 4.218032010043936157e+10 2.935935886352145641e+00
8.912509381337731934e+10 2.791331207457680819e+00 -1.026518617329918337e+00 -2.257748934562117782e+00 3.008081878343674687e-01 3.530080836002074076e-13 3.146187856774902702e-02 7.244365258768777072e-02 3.569922431761436005e-02 3.285115068030793381e+10 4.250095931969206238e+10 3.037015954455407396e+00
1.000000000000032654e+11 2.751693578126562123e+00 -1.012216568714265685e+00 -2.251571783921746395e+00 3.024571024603778246e-01 2.842877243040649331e-13 2.842877243040742297e-02 6.545966761037624870e-02 3.225164131266277517e-02 3.252608782795545578e+10 4.282602217204454041e+10 3.141589183253670203e+00
1.122018454302001953e+11 2.712295123010098230e+00 -9.977951853264706017e-01 -2.245277647506623175e+00 3.041229929529844500e-01 2.289710817632824842e-13 2.569097792398955180e-02 5.915566279221746299e-02 2.913625805259794505e-02 3.219650429560617447e+10 4.315560570439382935e+10 3.249790826094597573e+00
1.258925411794212494e+11 2.673137625529811157e+00 -9.832529231227190580e-01 -2.238916054641925335e+00 3.058049136710961347e-01 1.844255926379107061e-13 2.321780651570734197e-02 5.346097517508775765e-02 2.632084210341532546e-02 3.186231148181479645e+10 4.348979851818520355e+10 3.361760267988788353e+00
1.412537544622807312e+11 2.634222351551414487e+00 -9.685880156851502942e-01 -2.232509641017609514e+00 3.075018151719028370e-01 1.485473059731425057e-13 2.098286468396355978e-02 4.831483142960571464e-02 2.377644693829799802e-02 3.152343674795565414e+10 4.382867325204434204e+10 3.477637802494362163e+00
1.584893192461175842e+11 2.595550580612477898e+00 -9.537986639058870786e-01 -2.226013176835672347e+00 3.092125111916201874e-01 1.196560858751426325e-13 1.896421159400634229e-02 4.366671091674385885e-02 2.147690837963926735e-02 3.117980278239176178e+10 4.417230721760823822e+10 3.597571315804053871e+00
1.778279410038995667e+11 2.557124570812753017e+00 -9.388834126870152508e-01 -2.219379298806381406e+00 3.109356231352639055e-01 9.639504547490636968e-14 1.714173245977986676e-02 3.947029762998127689e-02 1.939848316597114763e-02 3.083131205626020432e+10 4.452079794373979187e+10 3.721723253076803406e+00
1.995262314968964539e+11 2.518946397060635167e+00 -9.238407176921509256e-01 -2.212663680638320418e+00 3.126696175953727619e-01 7.765870347160999773e-14 1.549494844662529201e-02 3.567843730991064610e-02 1.751976479247385754e-02 3.047786940874782181e+10 4.487424059125218201e+10 3.850264598740564814e+00
2.238721138568438416e+11 2.481017455710675890e+00 -9.086687404409291569e-01 -2.205892214620130076e+00 3.144128162885947986e-01 6.256390703660547862e-14 1.400631411942793517e-02 3.225073009918678901e-02 1.582153560724642791e-02 3.011939882717591858e+10 4.523271117282408142e+10 3.983368233810819170e+00
2.511886431509695129e+11 2.443338907277294858e+00 -8.933655085145992825e-01 -2.199051416742817011e+00 3.161633625701770756e-01 5.040345963210970639e-14 1.266077663510430280e-02 2.915251554571848466e-02 1.428645446612380326e-02 2.975582832854846954e+10 4.559628167145153046e+10 4.121214124058788286e+00
2.818382931264587402e+11 2.405912773790097603e+00 -8.779293632752329657e-01 -2.192064598518337792e+00 3.179191544673129477e-01 4.061042180300468578e-14 1.144557196410436566e-02 2.635440338533729526e-02 1.289878149284741371e-02 2.938706680627706528e+10 4.596504319372293091e+10 4.263999103713143946e+00
3.162277660168534546e+11 2.368741389810187226e+00 -8.623587549333651125e-01 -2.184970324783294338e+00 3.196778521353659253e-01 3.272126896937097680e-14 1.034737378742077267e-02 2.382570863455241161e-02 1.164427869235017642e-02 2.901301603923300171e+10 4.633909396076699829e+10 4.411935312898707551e+00
3.548133892335934448e+11 2.331826309652283769e+00 -8.466517844331956644e-01 -2.177808719088067058e+00 3.214369119341938807e-01 2.636408975684722870e-14 9.354332040685630137e-03 2.153914551179930345e-02 1.051015733869138831e-02 2.863359784334525299e+10 4.671851215665474701e+10 4.565239793094764131e+00
3.981071705535180664e+11 2.295168706839655126e+00 -8.308063514162504770e-01 -2.170594329757698393e+00 3.231935495588414975e-01 2.124094585762330065e-14 8.456172855258882459e-03 1.947105756030000079e-02 9.484902261888909780e-03 2.824874922201393509e+10 4.710336077798606873e+10 4.724135872280453619e+00
4.466835921509872437e+11 2.258770277462009535e+00 -8.148205401776456025e-01 -2.163238674851545085e+00 3.249446764496622952e-01 1.711414443350890305e-14 7.644607512150579202e-03 1.760235929926822276e-02 8.558066840399707748e-03 2.785839290413530731e+10 4.749371709586469269e+10 4.888865717222407703e+00
5.011872336273001709e+11 2.222633488562017146e+00 -7.986927489473667485e-01 -2.155743601142432908e+00 3.266868656695099404e-01 1.378955345224129777e-14 6.911148147684603033e-03 1.591350670033198078e-02 7.720170190409706389e-03 2.746243461707085037e+10 4.788967538292915344e+10 5.059695430732070953e+00
5.623413251903812256e+11 2.186760114388745624e+00 -7.824210486135193543e-01 -2.148169567832409754e+00 3.284163997487009601e-01 1.111020710784739429e-14 6.247728588166496545e-03 1.438592671218491201e-02 6.962684355096787278e-03 2.706079842977408600e+10 4.829131157022591400e+10 5.236901806990487351e+00
6.309573444802304688e+11 2.151151419919977936e+00 -7.660032429358095696e-01 -2.140545856440081440e+00 3.301292379807416189e-01 8.950573570446629340e-15 5.647430131583940083e-03 1.300368843471058286e-02 6.277943976424402509e-03 2.665343408440821075e+10 4.869867591559178925e+10 5.420768426261201256e+00
7.079457843841807861e+11 2.115808784796485931e+00 -7.494371435595005293e-01 -2.132800666107843135e+00 3.318209605307316235e-01 7.210525536302083612e-15 5.104661156619544511e-03 1.175391668401790796e-02 5.659003848456192580e-03 2.624028637216654587e+10 4.911182362783345032e+10 5.611599530823743187e+00
7.943282347243309326e+11 2.080734625083199951e+00 -7.327210164941917458e-01 -2.124885408527032560e+00 3.334866977144579914e-01 5.808815839285792503e-15 4.614106431458615994e-03 1.062437268656456213e-02 5.099546614191633256e-03 2.582127699797590637e+10 4.953083300202409363e+10 5.809732610180306622e+00
8.912509381338023682e+11 2.045930995599122948e+00 -7.158529404695416209e-01 -2.116876485201855118e+00 3.351211696643703886e-01 4.679155514556406266e-15 4.170301742022351939e-03 9.602474624467768893e-03 4.593875431415827409e-03 2.539634065501002884e+10 4.995576934498997498e+10 6.015525818789075885e+00
1.000000000000065430e+12 2.011399270940209316e+00 -6.988306345643259254e-01 -2.108806190309739925e+00 3.367186712935300030e-01 3.768630231728349103e-15 3.768630231728595757e-03 8.677591792584961328e-03 4.136873770989511062e-03 2.496544549725881958e+10 5.038666450274118042e+10 6.229347765147039695e+00
1.122018454302038818e+12 1.977140624614531106e+00 -6.816516719646216194e-01 -2.100643271054760675e+00 3.382730175160093000e-01 3.034893904477328359e-15 3.405206967672331619e-03 7.840778802321769422e-03 3.723914506116844658e-03 2.452856823963655090e+10 5.082354176036344910e+10 6.451590088606575790e+00
1.258925411794253662e+12 1.943157231656848394e+00 -6.643140892298027289e-01 -2.092293200259696118e+00 3.397774571522681475e-01 2.443904989963086064e-15 3.076694095875309471e-03 7.084349960865281640e-03 3.350786287037170203e-03 2.408566407203449631e+10 5.126644592796549988e+10 6.682686535780334225e+00
1.412537544622853760e+12 1.909451423095793521e+00 -6.468159877661228130e-01 -2.083820321445344792e+00 3.412246818855061425e-01 1.967728879738965465e-15 2.779490920269956939e-03 6.400014359125905106e-03 3.013677179037391879e-03 2.363669085303030777e+10 5.171541914696969604e+10 6.923107737904375725e+00
1.584893192461227539e+12 1.876024690882670543e+00 -6.291550119487385739e-01 -2.075271323865898854e+00 3.426068354701889418e-01 1.583997589758549342e-15 2.510466996883317040e-03 5.780563883477056117e-03 2.709162722972319366e-03 2.318164493013278961e+10 5.217046506986721039e+10 7.173343639661728055e+00
1.778279410039053711e+12 1.842878147275383016e+00 -6.113285599936911785e-01 -2.066657218336124036e+00 3.439154553119156965e-01 1.274785261439681425e-15 2.266924382639437519e-03 5.219786290410299671e-03 2.434153968625136794e-03 2.272054955931902313e+10 5.263156044068097687e+10 7.433910330011310741e+00
1.995262314969029785e+12 1.810013595338510139e+00 -5.933343564862710862e-01 -2.057856871990216163e+00 3.451413944375168463e-01 1.025789151185683583e-15 2.046718436464863271e-03 4.712743361360075683e-03 2.185840727330878343e-03 2.225341461646694946e+10 5.309869538353305054e+10 7.705375874196344732e+00
2.238721138568511719e+12 1.777433526525374674e+00 -5.751704848231822265e-01 -2.048891927815503333e+00 3.462747945577154818e-01 8.252678286668730858e-16 1.847544533017065607e-03 4.254128500367741414e-03 1.961668930787684086e-03 2.178024045074189377e+10 5.357186954925810242e+10 7.988368591054333834e+00
2.511886431509777344e+12 1.745139605306827990e+00 -5.568345554954801102e-01 -2.039837226284765048e+00 3.473051091032635096e-01 6.637433816352073831e-16 1.667247994333893391e-03 3.838980378077444435e-03 1.759341208826555210e-03 2.130106819767977142e+10 5.405104180232022858e+10 8.283552738401795068e+00
2.818382931264679688e+12 1.713132982354350631e+00 -5.383238475923177724e-01 -2.030730595398965388e+00 3.482210508322844955e-01 5.336342470458977223e-16 1.503985653412437439e-03 3.463054945624387954e-03 1.576790325734010083e-03 2.081598575589715958e+10 5.453612424410284424e+10 8.591625752729299847e+00
3.162277660168638184e+12 1.681415051364712587e+00 -5.196357313649172527e-01 -2.021460078550125772e+00 3.490105333289093559e-01 4.289051392979122061e-16 1.356317140333305636e-03 3.123035628703783179e-03 1.412138061375806412e-03 2.032508273716365814e+10 5.502702726283634186e+10 8.913349729411910616e+00
3.548133892336050781e+12 1.649988272417673763e+00 -5.007681802615777666e-01 -2.011980445376551963e+00 3.496606301415260409e-01 3.446326690567652808e-16 1.222802853486542555e-03 2.815607622108695206e-03 1.263671980105495092e-03 1.982843127136155319e+10 5.552367872863844299e+10 9.249577197630070913e+00
3.981071705535311035e+12 1.618854549353245575e+00 -4.817188308531418772e-01 -2.002395340471074370e+00 3.501575963294479288e-01 2.768000656704167135e-16 1.101960909530811912e-03 2.537358763347808115e-03 1.129847820469083094e-03 1.932614227108456421e+10 5.602596772891543579e+10 9.601225780832569612e+00
4.466835921510018555e+12 1.588015099306536282e+00 -4.624848711591704742e-01 -1.992749667171836991e+00 3.504868375125158586e-01 2.222047302085489664e-16 9.925520708249889468e-04 2.285435602301990124e-03 1.009277961327838561e-03 1.881839044547915649e+10 5.653371955452084351e+10 9.969263382589161893e+00
5.011872336273166016e+12 1.557470988002514156e+00 -4.430633442202758232e-01 -1.982980207159383612e+00 3.506328741151120698e-01 1.782896794573549757e-16 8.935651123153275305e-04 2.057509707236823693e-03 9.007043285893686062e-04 1.830537439977980423e+10 5.704673560022019958e+10 1.035474122777116435e+01
5.623413251903997070e+12 1.527224418708915676e+00 -4.234519825033268292e-01 -1.972970433196489681e+00 3.505793320896409271e-01 1.429925540421856395e-16 8.041062233244252117e-04 1.851523003010562603e-03 8.029785108331843283e-04 1.778727802541359711e+10 5.756483197458640289e+10 1.075883777216036918e+01
6.309573444802510742e+12 1.497277558937145869e+00 -4.036484983628148004e-01 -1.962824348795576102e+00 3.503089675193294950e-01 1.146166564125416216e-16 7.231822116326259769e-04 1.665188580023749905e-03 7.150607212573268680e-04 1.726431530950257492e+10 5.808779469049742126e+10 1.118284638354868399e+01
7.079457843842039062e+12 1.467631681860279924e+00 -3.836500007968355885e-01 -1.952598848538808163e+00 3.498036621275655289e-01 9.180821980384784454e-17 6.499524218195247040e-04 1.496570757637015643e-03 6.360167378158081142e-04 1.673677682864947128e+10 5.861533317135052490e+10 1.162814624069456393e+01
7.943282347243568359e+12 1.438287675176525893e+00 -3.634532915695960487e-01 -1.942294091980417914e+00 3.490444258547814038e-01 7.348349510375945392e-17 5.837001494714516396e-04 1.344019262951360889e-03 5.650019873010990370e-04 1.620500597678010178e+10 5.914710402321989441e+10 1.209622922607088391e+01
8.912509381338316406e+12 1.409247304948686885e+00 -3.430557355765740390e-01 -1.931743109399050251e+00 3.480114649207974309e-01 5.877781287911464667e-17 5.238578086996574469e-04 1.206227181160357802e-03 5.012458261983063733e-04 1.566934508793325806e+10 5.968276491206674194e+10 1.258876356322697987e+01
1.000000000000098242e+13 1.380512906158486430e+00 -3.224551012458464205e-01 -1.921001459352840612e+00 3.466842644504447013e-01 4.697850097078305836e-17 4.697850097078767168e-04 1.081719960265419998e-03 4.440471476626621397e-04 1.513015232116395378e+10 6.022195767883604431e+10 1.310761384501528326e+01
1.122018454302075391e+13 1.352085846715487039e+00 -3.016484716963174217e-01 -1.910164244027256153e+00 3.450416033994586629e-01 3.751255828211475181e-17 4.208978266061490811e-04 9.691530612169115813e-04 3.927753221256040698e-04 1.458787042616539383e+10 6.076423957383460999e+10 1.365479765363631870e+01
1.258925411794294922e+13 1.323966959270360233e+00 -2.806325019695625755e-01 -1.899279923609983545e+00 3.430616330420965809e-01 2.992217825959872966e-17 3.766979058724763169e-04 8.673789826240382644e-04 3.468620210295805025e-04 1.404302716051279449e+10 6.130908283948720551e+10 1.423249642046010521e+01
1.412537544622899805e+13 1.296157480366949999e+00 -2.594041031768408723e-01 -1.888173228701518713e+00 3.407220508540142467e-01 2.384413300514123626e-17 3.368073308874404968e-04 7.755275393125335729e-04 3.057893579811663529e-04 1.349617035825038338e+10 6.185593964174961853e+10 1.484314320957550493e+01
1.584893192461279492e+13 1.268659715092913975e+00 -2.379610007580303943e-01 -1.876812091197138654e+00 3.380003535681611049e-01 1.898076628661600492e-17 3.008248727535626620e-04 6.926748676041841364e-04 2.690842978082485485e-04 1.294785099614467239e+10 6.240425900385533142e+10 1.548949343063391026e+01
1.778279410039111719e+13 1.241475196112348689e+00 -2.163003467994046858e-01 -1.865338096154869341e+00 3.348738887702902844e-01 1.509009335973398175e-17 2.683440231718286096e-04 6.178849475495013953e-04 2.363203024294065376e-04 1.239870405558085823e+10 6.295340594441914368e+10 1.617457912267967046e+01
1.995262314969094922e+13 1.214604746974497829e+00 -1.944187127352664246e-01 -1.853819009838097331e+00 3.313200366033305921e-01 1.197967591834467688e-17 2.390259590541591911e-04 5.503776101567121621e-04 2.071137384867513314e-04 1.184947410944365692e+10 6.350263589055634308e+10 1.690169903407261387e+01
2.238721138568585156e+13 1.188049112992462852e+00 -1.723125609886881904e-01 -1.842133765290813852e+00 3.273165183321503635e-01 9.496651038022792619e-18 2.126035342443092298e-04 4.895377286687956162e-04 1.811158550161137400e-04 1.130095256798212814e+10 6.405115743201786804e+10 1.767452875044979876e+01
2.511886431509859375e+13 1.161810310874023866e+00 -1.499794014499997441e-01 -1.830139079012675474e+00 3.228419449451210843e-01 7.517412057489642156e-18 1.888288534727684668e-04 4.347945031335536574e-04 1.580075492210551030e-04 1.075392934942864799e+10 6.459818065057135010e+10 1.849725942767867437e+01
2.818382931264771875e+13 1.135890087515574409e+00 -1.274165616704367454e-01 -1.818001864463417272e+00 3.178760040386438557e-01 5.940441233556124980e-18 1.674243817683602803e-04 3.855088856635704867e-04 1.374999645011270970e-04 1.020926283039831161e+10 6.514284716960168457e+10 1.937458779036525414e+01
3.162277660168741406e+13 1.110289237396910433e+00 -1.046205556121249519e-01 -1.805796945060493597e+00 3.123997049742460730e-01 4.685252061135152021e-18 1.481606792518724044e-04 3.411525714132336269e-04 1.193334280742070809e-04 9.667930125774738312e+09 6.568417987422526550e+10 2.031168539059247991e+01
3.548133892336166406e+13 1.085008159298878061e+00 -8.158750705527903491e-02 -1.793498771606790498e+00 3.063958837912658106e-01 3.687693879325347971e-18 1.308443163779490358e-04 3.012801723948621275e-04 1.032726094790047507e-04 9.130979739261669159e+09 6.622113026073832703e+10 2.131432660896065201e+01
3.981071705535441406e+13 1.060048342053702797e+00 -5.831451279510731223e-02 -1.780871468003963454e+00 2.998500864875354721e-01 2.896662128836839526e-18 1.153181964160839956e-04 2.655299600186344379e-04 8.910235616866739620e-05 8.599460688870363235e+09 6.675264931112963867e+10 2.238911552225632562e+01
4.466835921510164844e+13 1.035411680724697137e+00 -3.479910678642733624e-02 -1.768032062653556835e+00 2.927510825447234288e-01 2.270084808653326794e-18 1.014009636816720980e-04 2.334843473886488285e-04 7.662699848348536740e-05 8.074453168663335800e+09 6.727765683133666229e+10 2.354359229917624674e+01
5.011872336273329688e+13 1.011098952563643572e+00 -1.103781117722902293e-02 -1.755105281829406394e+00 2.850910589302572129e-01 1.774436200243455051e-18 8.893247704482135129e-05 2.047745959264408316e-04 6.567052490060818078e-05 7.557143068033024788e+09 6.779496693196697235e+10 2.478619359478954820e+01
5.623413251904180469e+13 9.871103586321278156e-01 1.297343360856684572e-02 -1.742152188283396130e+00 2.768663441497254407e-01 1.383064493798739174e-18 7.777543202665977414e-05 1.790845503857584889e-04 5.607404624280323911e-05 7.048800426446563721e+09 6.830330957355343628e+10 2.612638775720722606e+01
6.309573444802717188e+13 9.634467072298028567e-01 3.723810430271007332e-02 -1.728892908765665037e+00 2.680784976961360644e-01 1.074950064553467217e-18 6.782476381795523484e-05 1.561722901030656425e-04 4.769262523058266970e-05 6.550688684371839523e+09 6.880142131562815857e+10 2.757504672982523886e+01
7.079457843842270312e+13 9.401098452236138492e-01 6.175855392442466951e-02 -1.715328633315663431e+00 2.587353168670151748e-01 8.328982030191605677e-19 5.896467716486128040e-05 1.357711866530160124e-04 4.039403831168065747e-05 6.064046952680142403e+09 6.928806304731985474e+10 2.914478856288715036e+01
7.943282347243828125e+13 9.171006038097128110e-01 8.653810302718938086e-02 -1.701658795623588238e+00 2.488508276819768328e-01 6.430905046690825069e-19 5.108249453418047556e-05 1.176217904273537957e-04 3.405921388467144208e-05 5.590174581712324142e+09 6.976193541828767395e+10 3.084999704098139617e+01
8.912509381338607812e+13 8.944190599119214991e-01 1.115808665311699976e-01 -1.687989943553974026e+00 2.384459969009467550e-01 4.946196515371124308e-19 4.408302284518947638e-05 1.015049112574492552e-04 2.858104634255138817e-05 5.130432940365633011e+09 7.022167705963436890e+10 3.270699354919496926e+01
1.000000000000130938e+14 8.720653218533712669e-01 1.368909474964935535e-01 -1.674094231055353488e+00 2.275497116593294678e-01 3.789074263198437757e-19 3.789074263198934187e-05 8.724665914689263722e-05 2.386225708244286119e-05 4.686150424039884567e+09 7.066595957596011353e+10 3.473464195829165391e+01
1.122018454302112188e+14 8.500409018846204479e-01 1.624708107912390120e-01 -1.659798262454548867e+00 2.162001335755642517e-01 2.890482218742160322e-19 3.243174391260818565e-05 7.467685007297200335e-05 1.981416935194626482e-05 4.258561766445059299e+09 7.109354823355494690e+10 3.695512790953507931e+01
1.258925411794336094e+14 8.283467580836715305e-01 1.883234223087904557e-01 -1.645370286367843882e+00 2.044443072000821926e-01 2.194521232450313786e-19 2.762738546253925247e-05 6.361440592444330083e-05 1.635688795201089746e-05 3.848875276281290054e+09 7.150323472371870422e+10 3.939427453165055226e+01
1.412537544622946250e+14 8.069828311444885438e-01 2.144528858523951642e-01 -1.630922551206853033e+00 1.923381562400008071e-01 1.657439302485540671e-19 2.341195242694494197e-05 5.390801265616919623e-05 1.341882748749559605e-05 3.458293066262967110e+09 7.189381693373703003e+10 4.208188095462011091e+01
1.584893192461331250e+14 7.859486605227850031e-01 2.408638060872417552e-01 -1.616369095321700033e+00 1.799468693243571893e-01 1.244826189174760982e-19 1.972916553020660069e-05 4.542808244706568742e-05 1.093542510991473446e-05 3.087928690138532639e+09 7.226418130986146545e+10 4.505276429799515370e+01
1.778279410039170000e+14 7.652451254228708200e-01 2.675590710914790282e-01 -1.601365176112142796e+00 1.673458259770378986e-01 9.295299536205273386e-20 1.652963977538048388e-05 3.806090213935255155e-05 8.848200495254286956e-06 2.738724747091401577e+09 7.261338525290859985e+10 4.834835270796439488e+01
1.995262314969160312e+14 7.448732949245890911e-01 2.945411489935139127e-01 -1.586144212245938601e+00 1.546195555052007620e-01 6.896261194443678509e-20 1.375985007545768114e-05 3.168322566558185105e-05 7.104597300130934853e-06 2.411476585118588924e+09 7.294063341488140869e+10 5.201798333357548643e+01
2.238721138568658125e+14 7.248329560886820344e-01 3.218140560697845265e-01 -1.570877599994943807e+00 1.418599753808568176e-01 5.080114185700573768e-20 1.137295901387038022e-05 2.618720588857020219e-05 5.657836511277139282e-06 2.106871091193613052e+09 7.324523890880638123e+10 5.611985436772746283e+01
2.511886431509941875e+14 7.051232591999723187e-01 3.493826557072143846e-01 -1.555635171569603514e+00 1.291655208703363922e-01 3.713365272311009261e-20 9.327551842758244273e-06 2.147748182726427600e-05 4.466219318381282240e-06 1.825433974774368763e+09 7.352667602522563171e+10 6.072301377092151142e+01
2.818382931264864375e+14 6.857442278299292759e-01 3.772505665094684768e-01 -1.539957622931714454e+00 1.166404813221753600e-01 2.692519961938303552e-20 7.588552302816836699e-06 1.747328740987168629e-05 3.492450087452887249e-06 1.567445449339434624e+09 7.378466455066056824e+10 6.591080217518249640e+01
3.162277660168845000e+14 6.666968599209606161e-01 4.054198192522791011e-01 -1.523921678387712975e+00 1.043929800780106359e-01 1.935195586896924381e-20 6.119625772501480485e-06 1.409095907846408115e-05 2.703343925244496493e-06 1.332930599106315613e+09 7.401917940089367676e+10 7.178486692702510652e+01
3.548133892336283125e+14 6.479808613037499887e-01 4.338941180911069506e-01 -1.507821944126110036e+00 9.253094387995781933e-02 1.377373771473415788e-20 4.887106560979876777e-06 1.125297871518566079e-05 2.069745480403255528e-06 1.121714098423143148e+09 7.423039590157685852e+10 7.846831961316726733e+01
3.981071705535571875e+14 6.295951149572072136e-01 4.626783408715489099e-01 -1.491831202919643218e+00 8.115949666674790453e-02 9.699145263311657026e-21 3.861299277564940070e-06 8.890970156109710072e-06 1.566146758620873586e-06 9.334074361922974586e+08 7.441870256380770874e+10 8.611044786122778305e+01
4.466835921510310625e+14 6.115387053794997252e-01 4.917770300616026158e-01 -1.475514748585351033e+00 7.037840968458687618e-02 6.753156956147383815e-21 3.016524407531636378e-06 6.945804133435042173e-06 1.170227401382256453e-06 7.673540433666682243e+08 7.458475595663333130e+10 9.489498153715699402e+01
5.011872336273493750e+14 5.938122613197114319e-01 5.211920679607939810e-01 -1.458672034742399592e+00 6.027942340117976860e-02 4.645241690157779940e-21 2.328135832220610323e-06 5.360730861736464880e-06 8.625640265029700257e-07 6.226213780788013935e+08 7.472948862192120361e+10 1.050516519346178370e+02
5.623413251904365000e+14 5.764155120585022773e-01 5.509265032506353021e-01 -1.441743193259518385e+00 5.094127385453418866e-02 3.152484798225999327e-21 1.772772479077114307e-06 4.081959483593062541e-06 6.264967678697328778e-07 4.980667686740057468e+08 7.485404323132598877e+10 1.168674913662171377e+02
6.309573444802923750e+14 5.593470902986995563e-01 5.809850856358651505e-01 -1.424922392729870868e+00 4.242645111332530444e-02 2.108059332396890098e-21 1.330095518376039668e-06 3.062658112870857030e-06 4.478813279581356191e-07 3.923702402908709049e+08 7.495973975970912170e+10 1.307010312567730921e+02
7.079457843842502500e+14 5.426052471110152098e-01 6.113732084925714849e-01 -1.407977629636265604e+00 3.477889328194282148e-02 1.387423644275058064e-21 9.822207201195609053e-07 2.261646788177177668e-06 3.147737054319352916e-07 3.040319918057655096e+08 7.504807800819422913e+10 1.470055905853176625e+02
7.943282347244088750e+14 5.261898852912011426e-01 6.420931327362895402e-01 -1.390383450988007308e+00 2.802271184985042490e-02 8.977941208183362810e-22 7.131432191355816744e-07 1.642072945551376655e-06 2.171807120887218624e-07 2.313952864661470950e+08 7.512071471353385925e+10 1.663640875566615023e+02
8.912509381338898750e+14 5.101008124408189515e-01 6.731469013456067296e-01 -1.372605152139059426e+00 2.215994618864933555e-02 5.701718943357406529e-22 5.081662357243060039e-07 1.170095999141685339e-06 1.468764884713955878e-07 1.727154349393905103e+08 7.517939456506060791e+10 1.895320120492435194e+02
